   5.0000000e-01
   5.0742599e-01
   5.1496962e-01
   5.2263296e-01
   5.3041814e-01
   5.3832617e-01
   5.4635907e-01
   5.5452948e-01
   5.6284332e-01
   5.7130568e-01
   5.7991995e-01
   5.8868615e-01
   5.9760757e-01
   6.0669318e-01
   6.1594977e-01
   6.2538342e-01
   6.3499641e-01
   6.4479067e-01
   6.5476523e-01
   6.6492244e-01
   6.7527154e-01
   6.8581605e-01
   6.9655939e-01
   7.0748387e-01
   7.1859363e-01
   7.2989541e-01
   7.4139661e-01
   7.5308550e-01
   7.6494894e-01
   7.7698912e-01
   7.8921644e-01
   8.0162974e-01
   8.1421700e-01
   8.2696260e-01
   8.3987847e-01
   8.5298676e-01
   8.6628659e-01
   8.7973062e-01
   8.9332672e-01
   9.0722909e-01
   9.2137462e-01
   9.3565414e-01
   9.5047821e-01
   9.6673962e-01
   9.8313052e-01
   1.0010000e+00
