1 0.5 0.50755116266184097 0.19739555984988078 0.21412367206390487 1476.8634011247227 1755.1455557917716 1821.238604126565 2146.4754754763972 0.168893 0.007524 2025-12-03 20:57:44.059
2 0.50755116266184097 0.51528548760782245 0.19739555984988078 0.21412367206390487 1438.5318022246272 1716.3418111746341 1776.3866294231314 2103.6150647907657 0.155045 0.008777 2025-12-03 20:57:47.525
3 0.51528548760782245 0.52320700203546988 0.19739555984988078 0.21412367206390487 1404.0629052292875 1674.6911254210513 1737.2011726772373 2056.2816635045469 0.163814 0.008931 2025-12-03 20:57:50.584
4 0.52320700203546988 0.53141607113055711 0.19739555984988078 0.21412367206390487 1368.8662701217211 1633.789866256345 1696.7987629279774 2009.917774019432 0.167520 0.009036 2025-12-03 20:57:53.693
5 0.53141607113055711 0.53984544634803244 0.19739555984988078 0.21412367206390487 1335.3830174923396 1592.9270272069452 1658.9324446665794 1963.2165037138163 0.178254 0.009138 2025-12-03 20:57:56.779
6 0.53984544634803244 0.54846944803010467 0.19739555984988078 0.21412367206390487 1302.4205339158814 1552.9691402608298 1621.4014626442411 1917.8774037800042 0.187533 0.009247 2025-12-03 20:57:59.831
7 0.54846944803010467 0.55746117394620553 0.19739555984988078 0.21412367206390487 1268.7696410161398 1513.6808963993155 1583.1118875138566 1873.5561575054439 0.192931 0.009355 2025-12-03 20:58:02.818
8 0.55746117394620553 0.56667725468583974 0.19739555984988078 0.21412367206390487 1236.769908454032 1474.3081229407815 1547.0895916104421 1828.7732212746057 0.205328 0.009465 2025-12-03 20:58:05.812
9 0.56667725468583974 0.57621991276778561 0.19739555984988078 0.21412367206390487 1203.8791284077583 1436.0949891449472 1509.5330305687025 1785.779431577861 0.210012 0.009581 2025-12-03 20:58:08.927
10 0.57621991276778561 0.58611471461729236 0.19739555984988078 0.21412367206390487 1171.80054148772 1398.0668323170294 1473.1880978539402 1742.9785818635946 0.217799 0.009695 2025-12-03 20:58:11.864
11 0.58611471461729236 0.59631347824157399 0.19739555984988078 0.21412367206390487 1140.3843875647126 1360.5076672330085 1437.6560384773668 1700.5504568378794 0.226878 0.009817 2025-12-03 20:58:14.727
12 0.59631347824157399 0.60689285271294002 0.19739555984988078 0.21412367206390487 1108.719622049377 1323.5726554850746 1401.5658680749573 1659.0428779635956 0.232489 0.009937 2025-12-03 20:58:17.760
13 0.60689285271294002 0.61786204799802313 0.19739555984988078 0.21412367206390487 1079.5398365978497 1286.7305195952629 1369.3555677011962 1617.3638550345972 0.249899 0.010063 2025-12-03 20:58:20.573
14 0.61786204799802313 0.62921597057310819 0.19739555984988078 0.21412367206390487 1049.1976879769095 1250.6255552608561 1334.9443320410526 1576.816293952422 0.258495 0.010190 2025-12-03 20:58:23.412
15 0.62921597057310819 0.6410547162955863 0.19739555984988078 0.21412367206390487 1018.4772470502094 1214.9668993492255 1299.9729047772387 1536.3307769798876 0.264516 0.010323 2025-12-03 20:58:26.209
16 0.6410547162955863 0.65331023762543794 0.19739555984988078 0.21412367206390487 989.99536335072867 1180.02595572273 1268.1884990184583 1497.2244777568615 0.277941 0.010457 2025-12-03 20:58:28.925
17 0.65331023762543794 0.66610343318772114 0.19739555984988078 0.21412367206390487 960.22856053396708 1144.9335923056058 1234.1603502169974 1457.4739690928984 0.285489 0.010598 2025-12-03 20:58:31.712
18 0.66610343318772114 0.67940320331464876 0.19739555984988078 0.21412367206390487 931.7330153006676 1110.4361893410194 1201.7969323820223 1418.3026997823465 0.296754 0.010739 2025-12-03 20:58:34.537
19 0.67940320331464876 0.6932618742174278 0.19739555984988078 0.21412367206390487 903.05554058276425 1076.8015423831403 1168.8946957422431 1380.1403009825131 0.303598 0.010887 2025-12-03 20:58:37.284
20 0.6932618742174278 0.70770873593971351 0.19739555984988078 0.21412367206390487 876.09397417186472 1043.6455339149823 1138.3622308872905 1342.7389221906096 0.316679 0.011038 2025-12-03 20:58:39.976
21 0.70770873593971351 0.72278863206720312 0.19739555984988078 0.21412367206390487 848.28468565233413 1010.8348766902898 1106.0574016430835 1305.0962953744372 0.323598 0.011194 2025-12-03 20:58:42.822
22 0.72278863206720312 0.73855656370989342 0.19739555984988078 0.21412367206390487 821.53444092798418 978.39907445392043 1075.1059789359203 1267.6350935130611 0.334353 0.011357 2025-12-03 20:58:45.681
23 0.73855656370989342 0.75498456421027704 0.19739555984988078 0.21412367206390487 795.05631794748047 947.06590489547023 1043.9335161021741 1231.2135780482254 0.340906 0.011522 2025-12-03 20:58:48.339
24 0.75498456421027704 0.77215645739594885 0.19739555984988078 0.21412367206390487 769.84286078064213 916.1573051685574 1014.3871591817905 1195.2697936340419 0.351936 0.011692 2025-12-03 20:58:51.301
25 0.77215645739594885 0.79010717552472698 0.19739555984988078 0.21412367206390487 744.43819898799381 885.72547562444981 983.86969048292542 1159.2325075470317 0.358836 0.011867 2025-12-03 20:58:55.094
26 0.79010717552472698 0.80887196007602036 0.19739555984988078 0.21412367206390487 720.01135693385311 856.5464252263755 954.3709962579203 1124.6177950230319 0.364920 0.012048 2025-12-03 20:58:58.306
27 0.80887196007602036 0.82850110458061399 0.19739555984988078 0.21412367206390487 696.87188370903209 827.86138729234563 926.25266517321143 1090.1213114943102 0.375167 0.012232 2025-12-03 20:59:01.915
28 0.82850110458061399 0.84903223100858294 0.19739555984988078 0.21412367206390487 674.36718847839461 800.4723275802354 898.66216532576789 1056.9756828773429 0.382801 0.012421 2025-12-03 20:59:05.742
29 0.84903223100858294 0.87059946567076363 0.19739555984988078 0.21412367206390487 652.79185140744733 773.70457233123545 871.78732632861829 1023.9031708874733 0.392020 0.012609 2025-12-03 20:59:09.033
30 0.87059946567076363 0.89306710144045143 0.19739555984988078 0.21412367206390487 631.87492234801266 748.29289303154667 845.14270469710198 992.31163429598541 0.396895 0.012802 2025-12-03 20:59:11.841
31 0.89306710144045143 0.91666526712469298 0.19739555984988078 0.21412367206390487 612.80974918572599 724.25165515237541 820.93963911491869 962.26873685930263 0.406223 0.012993 2025-12-03 20:59:14.552
32 0.91666526712469298 0.94121857085220262 0.19739555984988078 0.21412367206390487 594.41449563635308 701.39603693723461 796.84051399421139 933.07748191129235 0.411964 0.013184 2025-12-03 20:59:17.381
33 0.94121857085220262 0.96692911581305496 0.19739555984988078 0.21412367206390487 577.46554824212365 680.34264912305821 774.42173412581076 905.99940752441739 0.416912 0.013370 2025-12-03 20:59:19.963
34 0.96692911581305496 0.99356727074969575 0.19739555984988078 0.21412367206390487 562.66384753136708 660.76616669155283 754.77200296906688 880.41271820418638 0.427987 0.013553 2025-12-03 20:59:23.710
35 0.5 0.50861079442999835 0.21412367206390487 0.23300525771223066 1280.1441681165591 1534.1367076065089 1594.9964053145877 1894.439861726481 0.168912 0.008545 2025-12-03 20:59:27.737
36 0.50861079442999835 0.51753753858819473 0.21412367206390487 0.23300525771223066 1244.0514296990054 1494.3387314566121 1552.959623364834 1849.468463641728 0.165069 0.009447 2025-12-03 20:59:31.368
37 0.51753753858819473 0.52669939628401252 0.21412367206390487 0.23300525771223066 1209.8151286052923 1453.2000008017978 1513.5639309771714 1802.6108187116199 0.172759 0.009572 2025-12-03 20:59:35.078
38 0.52669939628401252 0.53623251327042665 0.21412367206390487 0.23300525771223066 1175.4890373970745 1412.9012154579407 1473.9312544076708 1756.5441904863649 0.177597 0.009692 2025-12-03 20:59:38.292
39 0.53623251327042665 0.54603673807626407 0.21412367206390487 0.23300525771223066 1143.1037483453374 1373.0787818244257 1437.1337589835184 1711.0426502413532 0.189532 0.009822 2025-12-03 20:59:41.668
40 0.54603673807626407 0.55622079961407977 0.21412367206390487 0.23300525771223066 1110.2193969207062 1333.9357537339736 1399.3783649655734 1666.5608191420317 0.196746 0.009949 2025-12-03 20:59:44.915
41 0.55622079961407977 0.56678549175301352 0.21412367206390487 0.23300525771223066 1078.2593042715223 1295.2808011872064 1363.0453464291588 1622.4483148089278 0.207125 0.010084 2025-12-03 20:59:48.087
42 0.56678549175301352 0.57773602599146567 0.21412367206390487 0.23300525771223066 1046.8675434860988 1257.270339161588 1327.3775477678864 1579.4307494181735 0.217616 0.010217 2025-12-03 20:59:51.215
43 0.57773602599146567 0.58915412882187335 0.21412367206390487 0.23300525771223066 1015.7917340579295 1219.6929922604409 1292.159622128579 1536.7450633898952 0.228564 0.010360 2025-12-03 20:59:54.511
44 0.58915412882187335 0.60096326670171507 0.21412367206390487 0.23300525771223066 984.71392062282189 1182.4564922850582 1256.6904495279673 1494.3758512948634 0.237991 0.010501 2025-12-03 20:59:57.583
45 0.60096326670171507 0.61333089431075716 0.21412367206390487 0.23300525771223066 954.48397153453959 1146.5396999683708 1222.4219491259521 1454.0190198991857 0.246788 0.010650 2025-12-03 21:00:00.459
46 0.61333089431075716 0.62620967473978428 0.21412367206390487 0.23300525771223066 924.86773004189354 1110.2514089882382 1189.0153954780653 1412.4800446317288 0.260611 0.010800 2025-12-03 21:00:03.449
47 0.62620967473978428 0.63964707222460215 0.21412367206390487 0.23300525771223066 894.66228788361786 1074.441487652821 1154.3868631613163 1371.9238299909694 0.268740 0.010955 2025-12-03 21:00:06.531
48 0.63964707222460215 0.65370928516206517 0.21412367206390487 0.23300525771223066 865.46032357062586 1039.4729587269944 1121.0977448798815 1332.5406703807239 0.278519 0.011118 2025-12-03 21:00:09.389
49 0.65370928516206517 0.66842256069216011 0.21412367206390487 0.23300525771223066 836.94531102499059 1004.998223156412 1088.728077499766 1293.2849518170794 0.290440 0.011282 2025-12-03 21:00:12.228
50 0.66842256069216011 0.68388348866838655 0.21412367206390487 0.23300525771223066 808.64699689547842 971.1543065881026 1056.4169887479661 1255.070152729209 0.300310 0.011453 2025-12-03 21:00:15.064
51 0.68388348866838655 0.70007889749988284 0.21412367206390487 0.23300525771223066 781.40622601435484 937.65910081431412 1025.4742152503375 1216.8685725441915 0.314513 0.011630 2025-12-03 21:00:17.898
52 0.70007889749988284 0.71706870786084598 0.21412367206390487 0.23300525771223066 754.08116745466998 904.96744095330632 993.79644974061875 1179.4383569235547 0.323637 0.011814 2025-12-03 21:00:20.668
53 0.71706870786084598 0.734940808998368 0.21412367206390487 0.23300525771223066 727.25170846524338 872.49824700591023 962.51263578397857 1141.8098603317292 0.334239 0.012002 2025-12-03 21:00:23.383
54 0.734940808998368 0.75376847852435691 0.21412367206390487 0.23300525771223066 701.17575155593022 840.98337363081407 931.92932284897449 1105.0585516875908 0.344394 0.012197 2025-12-03 21:00:26.113
55 0.75376847852435691 0.77356160137138452 0.21412367206390487 0.23300525771223066 675.59858669019593 809.92770973093116 901.5070942118806 1068.7483798419005 0.353833 0.012399 2025-12-03 21:00:28.847
56 0.77356160137138452 0.79438262961587025 0.21412367206390487 0.23300525771223066 651.40851892952458 779.91102435454536 872.68404805725754 1033.2754451240287 0.366164 0.012608 2025-12-03 21:00:31.505
57 0.79438262961587025 0.81632962122116814 0.21412367206390487 0.23300525771223066 627.35359442757226 750.83464206600945 843.27747453117195 998.35384541187557 0.373477 0.012822 2025-12-03 21:00:34.105
58 0.81632962122116814 0.83942391037883479 0.21412367206390487 0.23300525771223066 604.4346413813837 722.66921095005421 814.9354082208589 964.26758861001406 0.381899 0.013042 2025-12-03 21:00:36.679
59 0.83942391037883479 0.8638203124136512 0.21412367206390487 0.23300525771223066 582.3053992941243 695.64556710457475 787.06908167718598 930.97103086448817 0.388498 0.013267 2025-12-03 21:00:39.284
60 0.8638203124136512 0.88946991969932188 0.21412367206390487 0.23300525771223066 561.75702913859277 669.9188877379363 761.03780704170322 898.97936018956784 0.397794 0.013493 2025-12-03 21:00:41.873
61 0.88946991969932188 0.91657101903068938 0.21412367206390487 0.23300525771223066 542.63701791344477 645.49620049222813 736.45868887982226 867.81599014811877 0.409152 0.013719 2025-12-03 21:00:44.401
62 0.91657101903068938 0.94496145171542101 0.21412367206390487 0.23300525771223066 524.51106762172878 622.56250308604285 712.47864475310803 838.47203830411149 0.416453 0.013949 2025-12-03 21:00:46.981
63 0.94496145171542101 0.97491301619952642 0.21412367206390487 0.23300525771223066 507.9806527182638 601.51695506402348 690.28764812948668 810.93996927918374 0.423882 0.014170 2025-12-03 21:00:49.553
64 0.97491301619952642 1.0060810102104085 0.21412367206390487 0.23300525771223066 492.58207488666 582.13142809298677 668.92676068089452 785.14895551226641 0.427526 0.014390 2025-12-03 21:00:52.128
65 0.5 0.50994263155321418 0.23300525771223066 0.25453221267116766 1102.5021908589072 1335.8932238915424 1388.9081954209541 1667.3462390752891 0.159947 0.009928 2025-12-03 21:00:55.157
66 0.50994263155321418 0.52025644064018928 0.23300525771223066 0.25453221267116766 1067.9812207622804 1294.889244028057 1348.6135668514228 1619.854126041477 0.165323 0.010135 2025-12-03 21:00:58.119
67 0.52025644064018928 0.53095158015554245 0.23300525771223066 0.25453221267116766 1034.5931909210317 1254.5440365873496 1309.9602645875318 1573.5249213223256 0.173729 0.010280 2025-12-03 21:01:01.039
68 0.53095158015554245 0.54209217373453866 0.23300525771223066 0.25453221267116766 1002.2573635764442 1215.0229338175914 1272.7529703678015 1528.0379882736929 0.184432 0.010432 2025-12-03 21:01:03.866
69 0.54209217373453866 0.55365167724542941 0.23300525771223066 0.25453221267116766 969.84203839121744 1175.9115293763439 1235.2913687714251 1483.1837271033442 0.193248 0.010587 2025-12-03 21:01:06.723
70 0.55365167724542941 0.56572303530718349 0.23300525771223066 0.25453221267116766 938.55866262647919 1137.5665415582928 1199.5180135224866 1439.1668933718911 0.205409 0.010744 2025-12-03 21:01:09.578
71 0.56572303530718349 0.57835421634103956 0.23300525771223066 0.25453221267116766 907.87418412916588 1099.9707779901421 1164.5411492116864 1396.2875682756303 0.217910 0.010909 2025-12-03 21:01:12.436
72 0.57835421634103956 0.59152534381882405 0.23300525771223066 0.25453221267116766 877.15083770632123 1062.9207882743528 1129.3540282918909 1353.9961694117264 0.228234 0.011076 2025-12-03 21:01:15.283
73 0.59152534381882405 0.60533989596747284 0.23300525771223066 0.25453221267116766 847.01880528469394 1026.366129024527 1094.9902816016563 1312.4233369168981 0.239897 0.011249 2025-12-03 21:01:18.032
74 0.60533989596747284 0.61980430695157263 0.23300525771223066 0.25453221267116766 817.48019122102232 990.33966307846072 1061.3401579835872 1271.3794892781959 0.252635 0.011427 2025-12-03 21:01:20.778
75 0.61980430695157263 0.63500849880004961 0.23300525771223066 0.25453221267116766 788.58639250425699 954.74316297716121 1028.5760895265357 1230.6789416645565 0.267573 0.011612 2025-12-03 21:01:23.522
76 0.63500849880004961 0.6510404286199285 0.23300525771223066 0.25453221267116766 759.19051001513139 919.88333765508241 994.6264490866464 1191.0941103623397 0.275590 0.011802 2025-12-03 21:01:26.311
77 0.6510404286199285 0.66794657703254812 0.23300525771223066 0.25453221267116766 731.34452783569873 885.64197483251542 963.07785128408023 1152.1767898767912 0.290528 0.011998 2025-12-03 21:01:29.039
78 0.66794657703254812 0.68577461813211082 0.23300525771223066 0.25453221267116766 703.77267974451138 851.89087631694338 931.55820893070586 1113.6530943765201 0.304350 0.012201 2025-12-03 21:01:31.696
79 0.68577461813211082 0.70461901343132594 0.23300525771223066 0.25453221267116766 676.18499072678469 818.8371568198454 899.54636445706069 1075.6021615075456 0.314331 0.012412 2025-12-03 21:01:34.411
80 0.70461901343132594 0.72459358047002997 0.23300525771223066 0.25453221267116766 649.52111966845598 786.14725266800019 868.50834138743573 1037.9510668947787 0.327084 0.012633 2025-12-03 21:01:37.083
81 0.72459358047002997 0.74579207384597801 0.23300525771223066 0.25453221267116766 623.17055837770727 754.37638736800716 837.46507881291222 1001.1628061119075 0.336683 0.012861 2025-12-03 21:01:39.663
82 0.74579207384597801 0.7682762107940414 0.23300525771223066 0.25453221267116766 597.9478206187996 723.37923667737948 807.56704066556779 964.8713302450401 0.348615 0.013099 2025-12-03 21:01:42.254
83 0.7682762107940414 0.79217148462796161 0.23300525771223066 0.25453221267116766 573.85022559282652 693.25006517699239 778.86350696584918 929.22385556276413 0.362809 0.013344 2025-12-03 21:01:44.792
84 0.79217148462796161 0.81757167174675538 0.23300525771223066 0.25453221267116766 550.30517973851158 664.0193575035222 750.05549281151252 893.91425987356831 0.374241 0.013597 2025-12-03 21:01:47.368
85 0.81757167174675538 0.84458288071757348 0.23300525771223066 0.25453221267116766 527.55600208071189 635.97025652629441 721.59836591129647 859.66538234211453 0.382789 0.013861 2025-12-03 21:01:49.919
86 0.84458288071757348 0.87338030956111867 0.23300525771223066 0.25453221267116766 506.09123862464668 609.24588927214916 694.3291508694947 826.60066559136749 0.391449 0.014127 2025-12-03 21:01:52.365
87 0.87338030956111867 0.90388356057913621 0.23300525771223066 0.25453221267116766 486.26722872688487 583.53832496248742 668.76912581439728 794.02882920259299 0.404915 0.014401 2025-12-03 21:01:55.060
88 0.90388356057913621 0.9363086467441526 0.23300525771223066 0.25453221267116766 467.61496526759919 559.96169025681172 643.99584041211563 763.75202862718822 0.412356 0.014673 2025-12-03 21:01:57.692
89 0.9363086467441526 0.97054962871571304 0.23300525771223066 0.25453221267116766 450.1482787983299 538.06773322573486 619.9741842523689 734.89568859148426 0.416132 0.014942 2025-12-03 21:02:00.720
90 0.97054962871571304 1.0065495111701643 0.23300525771223066 0.25453221267116766 435.20262294128224 518.07121529057883 599.24532564288165 707.94171776528049 0.427524 0.015212 2025-12-03 21:02:03.347
91 0.5 0.51158087601406965 0.25453221267116766 0.2792121838614009 944.40089435734728 1155.9454640906142 1204.2707801015592 1458.8993554742237 0.159514 0.010726 2025-12-03 21:02:06.355
92 0.51158087601406965 0.52360606951114674 0.25453221267116766 0.2792121838614009 911.89014626516098 1115.5206318010319 1166.4824096363498 1412.0100321164107 0.171884 0.010902 2025-12-03 21:02:09.299
93 0.52360606951114674 0.53616525361045764 0.25453221267116766 0.2792121838614009 879.79250258906131 1075.8448276529598 1129.1924009871179 1365.9272656452104 0.183905 0.011080 2025-12-03 21:02:12.344
94 0.53616525361045764 0.54934014564604494 0.25453221267116766 0.2792121838614009 848.65008891282082 1037.2641962527096 1093.339995162688 1321.1566390467508 0.197525 0.011265 2025-12-03 21:02:15.594
95 0.54934014564604494 0.56314666795765067 0.25453221267116766 0.2792121838614009 816.98225876616141 999.2089249999251 1056.3583336420913 1277.31176466855 0.205497 0.011455 2025-12-03 21:02:18.570
96 0.56314666795765067 0.57766987701392292 0.25453221267116766 0.2792121838614009 786.6800180197713 961.90967054767316 1021.563929942379 1234.4465855168066 0.218885 0.011652 2025-12-03 21:02:21.411
97 0.57766987701392292 0.5929887535496311 0.25453221267116766 0.2792121838614009 756.40552766073336 924.80982302381392 986.61537894906405 1191.6484119424683 0.231622 0.011856 2025-12-03 21:02:25.048
98 0.5929887535496311 0.6091455875420233 0.25453221267116766 0.2792121838614009 727.33692893626778 888.70410083359377 953.46472301822598 1150.1778642662512 0.247675 0.012064 2025-12-03 21:02:29.274
99 0.6091455875420233 0.6262225957862827 0.25453221267116766 0.2792121838614009 697.59357257729334 853.05838432751 918.92321547553877 1109.191897117209 0.257150 0.012280 2025-12-03 21:02:33.308
100 0.6262225957862827 0.64431342162744731 0.25453221267116766 0.2792121838614009 669.57263077834398 818.34059119929066 887.06615538891083 1069.8765529492352 0.273224 0.012504 2025-12-03 21:02:36.298
101 0.64431342162744731 0.66355977062980975 0.25453221267116766 0.2792121838614009 641.50605227487347 784.15759377894062 854.82369859163225 1030.8856562779231 0.286413 0.012737 2025-12-03 21:02:39.188
102 0.66355977062980975 0.6840807937550325 0.25453221267116766 0.2792121838614009 613.68637312610008 750.59695462532648 822.58415472632612 992.12746946914103 0.298046 0.012979 2025-12-03 21:02:42.033
103 0.6840807937550325 0.70598595035737122 0.25453221267116766 0.2792121838614009 587.11817828365645 717.6356778853451 792.03066089913114 954.44086566373517 0.314161 0.013230 2025-12-03 21:02:44.841
104 0.70598595035737122 0.72945243351112865 0.25453221267116766 0.2792121838614009 560.74116280779219 685.14334840453523 761.1902632776787 916.73917158394943 0.328360 0.013495 2025-12-03 21:02:47.622
105 0.72945243351112865 0.75464531826740866 0.25453221267116766 0.2792121838614009 535.30033044911659 653.77136530750658 731.23219512265905 880.27582992857617 0.341984 0.013770 2025-12-03 21:02:50.383
106 0.75464531826740866 0.78167242038721474 0.25453221267116766 0.2792121838614009 510.67358122603116 623.16289896175829 701.75111472810227 844.08838066803901 0.355723 0.014058 2025-12-03 21:02:53.031
107 0.78167242038721474 0.81071407267012774 0.25453221267116766 0.2792121838614009 487.10446622176522 593.44108632458233 673.05212457406424 808.2933759123822 0.370538 0.014357 2025-12-03 21:02:55.657
108 0.81071407267012774 0.84194930580273042 0.25453221267116766 0.2792121838614009 464.37010513751818 564.87737129093284 644.55733032220076 773.34722574742898 0.382213 0.014669 2025-12-03 21:02:58.308
109 0.84194930580273042 0.87553387959895157 0.25453221267116766 0.2792121838614009 442.51355297992956 538.02564605236455 616.19986645018059 739.9809796284344 0.387087 0.014989 2025-12-03 21:03:00.896
110 0.87553387959895157 0.91150002403931274 0.25453221267116766 0.2792121838614009 423.16014494965572 512.40955437779769 590.99182414394079 707.21308819493936 0.403392 0.015316 2025-12-03 21:03:03.581
111 0.91150002403931274 0.94992019978516407 0.25453221267116766 0.2792121838614009 404.92895279918844 488.93020714494401 566.13286984541935 676.55969708610098 0.411463 0.015649 2025-12-03 21:03:06.320
112 0.94992019978516407 0.99047977543935073 0.25453221267116766 0.2792121838614009 388.72939435141194 467.55316132288516 543.36589477761891 647.79508630598355 0.420617 0.015974 2025-12-03 21:03:08.984
113 0.5 0.51347617461133088 0.2792121838614009 0.30737508137682135 805.75474298689176 994.77844063826308 1041.0806316903481 1270.5369520025727 0.167908 0.011537 2025-12-03 21:03:11.829
114 0.51347617461133088 0.52764217439350081 0.2792121838614009 0.30737508137682135 773.75867127153583 955.2156299703305 1003.5006167076567 1224.2373618268125 0.179484 0.011750 2025-12-03 21:03:14.641
115 0.52764217439350081 0.542563543541144 0.2792121838614009 0.30737508137682135 742.80132671161209 916.66410717836527 967.37740771378958 1179.4147847976258 0.193009 0.011972 2025-12-03 21:03:17.374
116 0.542563543541144 0.55833536633867231 0.2792121838614009 0.30737508137682135 711.99630962621768 878.53984139954673 931.3514084537419 1134.6978004903797 0.206168 0.012200 2025-12-03 21:03:20.121
117 0.55833536633867231 0.57505495232309245 0.2792121838614009 0.30737508137682135 682.11084374036852 841.34733044637858 896.70598397214405 1091.5540060174776 0.221252 0.012436 2025-12-03 21:03:22.824
118 0.57505495232309245 0.59281894681914404 0.2792121838614009 0.30737508137682135 652.72376964908665 804.94700502489354 862.65160629783998 1049.6086644399918 0.235855 0.012681 2025-12-03 21:03:25.599
119 0.59281894681914404 0.61175215415499851 0.2792121838614009 0.30737508137682135 623.2373349939262 769.08774554550484 828.28077663599868 1008.2622264249366 0.247489 0.012935 2025-12-03 21:03:28.250
120 0.61175215415499851 0.63198170753579963 0.2792121838614009 0.30737508137682135 595.10770584701015 734.17244692723091 796.03243602318037 967.90059529438554 0.264666 0.013199 2025-12-03 21:03:30.885
121 0.63198170753579963 0.65366500752187107 0.2792121838614009 0.30737508137682135 567.45346975444147 699.63091886237339 764.32247287738551 928.14811811998675 0.283093 0.013472 2025-12-03 21:03:33.469
122 0.65366500752187107 0.67701187064384194 0.2792121838614009 0.30737508137682135 540.04807000304845 666.09195872981695 732.65028633329848 889.49292810359032 0.297932 0.013759 2025-12-03 21:03:36.080
123 0.67701187064384194 0.70225624491901995 0.2792121838614009 0.30737508137682135 512.95855228870198 633.13993530940218 700.96760811792115 851.81873516389965 0.310170 0.014057 2025-12-03 21:03:38.634
124 0.70225624491901995 0.72961542431707471 0.2792121838614009 0.30737508137682135 487.25557434837981 600.95298784019587 671.20282052090124 814.38770838450341 0.329140 0.014372 2025-12-03 21:03:42.586
125 0.72961542431707471 0.75934969052161405 0.2792121838614009 0.30737508137682135 462.39904793131433 569.53674287676256 642.01283970916575 777.62578301622864 0.348294 0.014703 2025-12-03 21:03:45.339
126 0.75934969052161405 0.79174490455153446 0.2792121838614009 0.30737508137682135 437.73382724694829 539.20374927525495 611.97205188107966 741.68750919087029 0.359378 0.015050 2025-12-03 21:03:49.321
127 0.79174490455153446 0.82704579615158147 0.2792121838614009 0.30737508137682135 414.73964310240655 509.90487263986472 583.54790349994073 706.22895855689842 0.375110 0.015415 2025-12-03 21:03:52.671
128 0.82704579615158147 0.86547122515827901 0.2792121838614009 0.30737508137682135 392.83613038188003 482.03469354924471 555.46683257196707 671.63595393933701 0.387298 0.015797 2025-12-03 21:03:55.561
129 0.86547122515827901 0.90668592029062756 0.2792121838614009 0.30737508137682135 372.67949581424 455.96283439863851 528.5604797922756 638.46199630166018 0.397797 0.016186 2025-12-03 21:03:58.293
130 0.90668592029062756 0.94935977980005426 0.2792121838614009 0.30737508137682135 355.48268083939922 432.13692804481133 504.9581658857673 607.03084145778257 0.416374 0.016573 2025-12-03 21:04:00.939
131 0.94935977980005426 0.99202214051540405 0.2792121838614009 0.30737508137682135 340.80381678847436 411.37928980087293 483.83021803249488 578.74660284258982 0.432886 0.016974 2025-12-03 21:04:03.538
132 0.5 0.51585644134281039 0.30737508137682135 0.33970324659112716 683.42916633006575 852.80544790187344 895.59137984083088 1103.3043115569239 0.170803 0.012439 2025-12-03 21:04:06.484
133 0.51585644134281039 0.53265311195274778 0.30737508137682135 0.33970324659112716 652.62827046594907 813.77384821700787 859.0680196234448 1057.1821975070004 0.186083 0.012702 2025-12-03 21:04:09.791
134 0.53265311195274778 0.55053742281046614 0.30737508137682135 0.33970324659112716 622.40548921499112 775.73164014950385 823.41825317227972 1012.4430083682244 0.201455 0.012978 2025-12-03 21:04:13.119
135 0.55053742281046614 0.56965928650803055 0.30737508137682135 0.33970324659112716 593.02325761447764 738.87265125107376 788.97368840946308 969.15712517878831 0.217562 0.013260 2025-12-03 21:04:16.294
136 0.56965928650803055 0.59015178790195766 0.30737508137682135 0.33970324659112716 563.72600898627297 702.64625603674415 754.51761907908599 926.91429754147305 0.231292 0.013554 2025-12-03 21:04:19.538
137 0.59015178790195766 0.61220747593055336 0.30737508137682135 0.33970324659112716 535.33198119023632 667.22139529845117 721.45802604635196 885.48626499933016 0.248490 0.013861 2025-12-03 21:04:22.667
138 0.61220747593055336 0.63610062022601666 0.30737508137682135 0.33970324659112716 507.63949600434285 632.77207093857794 689.38860850251274 845.65743760790144 0.265948 0.014181 2025-12-03 21:04:25.617
139 0.63610062022601666 0.66208076758751067 0.30737508137682135 0.33970324659112716 480.18229910581266 599.04495877182853 657.46193697708702 806.60507660073233 0.281446 0.014514 2025-12-03 21:04:28.369
140 0.66208076758751067 0.69053358990092828 0.30737508137682135 0.33970324659112716 453.75077244526432 566.00638424556212 626.9994543033738 768.4336199019757 0.301309 0.014865 2025-12-03 21:04:31.101
141 0.69053358990092828 0.72180592070140726 0.30737508137682135 0.33970324659112716 428.34189540084731 533.66221971450852 597.81243207824809 730.9195820619309 0.325211 0.015236 2025-12-03 21:04:33.697
142 0.72180592070140726 0.75636422854713237 0.30737508137682135 0.33970324659112716 403.28802858595679 502.07215339074361 568.33972996567127 694.37014741707208 0.344609 0.015625 2025-12-03 21:04:36.293
143 0.75636422854713237 0.79472403807111613 0.30737508137682135 0.33970324659112716 379.05469984676455 471.73468818949135 539.09344541846133 658.29346475998318 0.361059 0.016042 2025-12-03 21:04:38.798
144 0.79472403807111613 0.83617242445130735 0.30737508137682135 0.33970324659112716 356.76662226784055 442.48477526233142 511.29305576745219 622.86509391160848 0.381462 0.016473 2025-12-03 21:04:41.343
145 0.83617242445130735 0.8791903013817427 0.30737508137682135 0.33970324659112716 337.06788435046752 415.45680301812621 485.65268853405792 589.00414508484357 0.404477 0.016925 2025-12-03 21:04:43.899
146 0.8791903013817427 0.92214867306509918 0.30737508137682135 0.33970324659112716 320.37794786050483 391.78446874809066 462.76691116966191 558.30548752968923 0.426267 0.017423 2025-12-03 21:04:46.422
147 0.92214867306509918 0.96362206291718444 0.30737508137682135 0.33970324659112716 306.51550020603605 371.87827680107779 442.71794350314912 531.36837201285425 0.444163 0.017957 2025-12-03 21:04:48.858
148 0.5 0.51874894089159473 0.33970324659112716 0.37675444664001961 577.17523324124306 727.18063730774793 767.68459349963587 953.77453986458352 0.178751 0.013440 2025-12-03 21:04:51.594
149 0.51874894089159473 0.53882236723273813 0.33970324659112716 0.37675444664001961 546.99530218409154 689.35176575538617 731.28615559706634 908.71390462649344 0.191165 0.013766 2025-12-03 21:04:54.206
150 0.53882236723273813 0.56047269923176746 0.33970324659112716 0.37675444664001961 517.91318388141951 652.39910941347659 696.68840417765068 864.7481370357151 0.208568 0.014106 2025-12-03 21:04:56.917
151 0.56047269923176746 0.58390269923604898 0.33970324659112716 0.37675444664001961 489.31602449247504 616.3726699045319 662.71019761324681 822.03458886249564 0.225309 0.014459 2025-12-03 21:04:59.548
152 0.58390269923604898 0.60945344153978409 0.33970324659112716 0.37675444664001961 461.75275801441495 581.56104787440802 630.4597417063618 781.21050500303386 0.244923 0.014829 2025-12-03 21:05:02.099
153 0.60945344153978409 0.63749892375114614 0.33970324659112716 0.37675444664001961 434.6344557974835 547.47152738240311 598.81811632495715 741.22073343198178 0.265016 0.015214 2025-12-03 21:05:04.774
154 0.63749892375114614 0.66852907093486402 0.33970324659112716 0.37675444664001961 408.56329050906902 514.22037864317099 568.95419986407251 702.67348250127088 0.290437 0.015620 2025-12-03 21:05:07.347
155 0.66852907093486402 0.70314166029505121 0.33970324659112716 0.37675444664001961 382.60410483650008 481.73401721341418 538.86896690307162 664.96863947087286 0.311813 0.016046 2025-12-03 21:05:09.891
156 0.70314166029505121 0.74171536665378091 0.33970324659112716 0.37675444664001961 357.53276458234308 450.11013477024136 509.64758152798629 628.36526917498998 0.334001 0.016496 2025-12-03 21:05:12.388
157 0.74171536665378091 0.78302225477679033 0.33970324659112716 0.37675444664001961 334.72777133171309 419.67516464042274 482.68527470803855 592.65729008463256 0.364258 0.016971 2025-12-03 21:05:14.847
158 0.78302225477679033 0.82541701397286749 0.33970324659112716 0.37675444664001961 314.86578752679549 391.83068754039317 458.4615188229435 559.38251809232088 0.397673 0.017512 2025-12-03 21:05:17.270
159 0.82541701397286749 0.86720260888065648 0.33970324659112716 0.37675444664001961 298.01933762203913 367.48667460813607 436.73902179838342 529.03341823043513 0.428683 0.018112 2025-12-03 21:05:19.791
160 0.86720260888065648 0.90712560099752648 0.33970324659112716 0.37675444664001961 284.00318144817049 347.37825598382153 417.40885091993363 503.1158329903144 0.449671 0.018767 2025-12-03 21:05:22.209
161 0.90712560099752648 0.94490824762840764 0.33970324659112716 0.37675444664001961 272.60238497602222 330.76317227835858 400.74628685081274 480.63928370347736 0.466940 0.019478 2025-12-03 21:05:24.546
162 0.5 0.52225782722749636 0.37675444664001961 0.4122073808855895 497.60726245007379 617.72372055113169 670.34057981361275 821.9772196442492 0.257606 0.014379 2025-12-03 21:05:27.187
163 0.52225782722749636 0.54639386259805878 0.37675444664001961 0.4122073808855895 467.96320360317617 580.89015032856162 634.37680544498187 777.43666983089565 0.272132 0.014784 2025-12-03 21:05:29.809
164 0.54639386259805878 0.57281739240328489 0.37675444664001961 0.4122073808855895 439.00210445278299 545.18251146514649 599.42313376584366 734.43023299122694 0.286612 0.015203 2025-12-03 21:05:32.517
165 0.57281739240328489 0.60190628197608864 0.37675444664001961 0.4122073808855895 411.44351194992419 510.60669556740396 566.89716240374833 693.09121214209654 0.308467 0.015644 2025-12-03 21:05:35.075
166 0.60190628197608864 0.63429748080569381 0.37675444664001961 0.4122073808855895 384.28019736027426 477.06379501768077 534.98502702629855 653.4312052138016 0.328412 0.016104 2025-12-03 21:05:37.666
167 0.63429748080569381 0.67035703743655739 0.37675444664001961 0.4122073808855895 358.13864785699673 444.43314074292681 504.73309091142306 615.32609077672123 0.352852 0.016584 2025-12-03 21:05:40.172
168 0.67035703743655739 0.70911359685722819 0.37675444664001961 0.4122073808855895 333.75827171654123 413.03446050642043 476.57245545888924 578.86767496616528 0.383144 0.017083 2025-12-03 21:05:42.611
169 0.70911359685722819 0.74922188905637532 0.37675444664001961 0.4122073808855895 312.11392090593597 384.03553302840669 451.58605834047569 545.24815598722876 0.419015 0.017642 2025-12-03 21:05:45.128
170 0.74922188905637532 0.78912406173445537 0.37675444664001961 0.4122073808855895 293.59194995716945 358.48558159565795 429.88783455237365 515.43177842489126 0.454947 0.018267 2025-12-03 21:05:47.548
171 0.78912406173445537 0.82770738883097494 0.37675444664001961 0.4122073808855895 278.35013756809127 336.67410320152857 411.61639676926848 489.49696976009113 0.490387 0.018954 2025-12-03 21:05:49.911
172 0.82770738883097494 0.8646944844833574 0.37675444664001961 0.4122073808855895 265.32573077368136 318.50786514853201 394.81950873139812 467.04377688666654 0.513759 0.019713 2025-12-03 21:05:52.291
173 0.8646944844833574 0.89987512737483222 0.37675444664001961 0.4122073808855895 254.44166340520925 303.43315772936063 379.73138344237731 447.72210020461927 0.528788 0.020554 2025-12-03 21:05:54.523
174 0.89987512737483222 0.93307905307018801 0.37675444664001961 0.4122073808855895 245.4116294060114 290.93588701967218 366.26353065835792 430.62182114872405 0.539264 0.021493 2025-12-03 21:05:56.690