   1 0.98091706696737324 1.0009999999999999 0.026071902815524406 0.026605439972288553 17903.697263327544 19416.229065211741 19544.910410478413 21207.653467360244 0.071832 0.002638 2025-12-03 02:13:49.162
   1 0.98091706696737324 1.0009999999999999 0.026071902815524406 0.026605439972288553 17903.7351873753 19416.187440171198 19544.95056099377 21207.609442303394 0.071878 0.002638 2025-12-03 02:17:52.797
   2 0.95905075741437529 0.98091706696737324 0.026605439972288553 0.027211746607749502 17717.840710166118 19284.772021248424 19375.189885569631 21071.371375077601 0.050609 0.001753 2025-12-03 02:17:56.927
   1 0.98091706696737324 1.0009999999999999 0.026071902815524406 0.026605439972288553 17903.7351873753 19416.187440171198 19544.95056099377 21207.609442303394 0.071878 0.002638 2025-12-03 02:18:38.819
   2 0.95905075741437529 0.98091706696737324 0.026605439972288553 0.027211746607749502 17717.840710166118 19284.772021248424 19375.189885569631 21071.371375077601 0.050609 0.001753 2025-12-03 02:18:42.859
   1 0.98091706696737324 1.0009999999999999 0.026071902815524406 0.026605439972288553 17903.697263327544 19416.229065211741 19544.910410478413 21207.653467360244 0.071832 0.002638 2025-12-03 02:32:45.506
   2 0.95905075741437529 0.98091706696737324 0.026605439972288553 0.027211746607749502 17717.893192085769 19284.785578626175 19375.245458214882 21071.385935378392 0.050632 0.001753 2025-12-03 02:33:05.242
   3 0.98091706696737324 1.0009999999999999 0.026605439972288553 0.027211746607749502 17341.717275760111 18582.502839820565 18970.909759473496 20307.212994680474 0.225201 0.001115 2025-12-03 02:34:19.313
   4 0.93886757689293299 0.95905075741437529 0.027211746607749502 0.027796429395143655 17638.023990154423 19177.013833041645 19305.118353012011 20975.080657687544 0.071246 0.001776 2025-12-03 02:34:39.861
   5 0.95905075741437529 0.98091706696737324 0.027211746607749502 0.027796429395143655 17088.856700395729 18461.906566338028 18714.650165041196 20195.461520175442 0.145795 0.001169 2025-12-03 02:35:47.430
   6 0.98091706696737324 1.0009999999999999 0.027211746607749502 0.027796429395143655 16612.256386435063 17883.358902638 18187.514368551281 19573.29346178344 0.179981 0.002000 2025-12-03 02:36:03.537
   7 0.9198457040396929 0.93886757689293299 0.027796429395143655 0.028370938070750733 17602.819172988184 19114.653254206049 19281.695390864432 20922.747601359642 0.092386 0.001795 2025-12-03 02:36:24.403
   1 0.98313052339649154 1.0009999999999999 0.026071902815524406 0.026545567668210895 17973.511157897967 19352.437569046757 19618.104266237016 21138.994876423079 0.148703 0.002633 2025-12-03 02:39:16.550
   2 0.96673961915725626 0.98313052339649154 0.026545567668210895 0.026995426400139768 17806.395837640746 19203.836452528994 19451.697471217314 20991.980658764005 0.138614 0.002639 2025-12-03 02:39:24.559
   3 0.98313052339649154 1.0009999999999999 0.026545567668210895 0.026995426400139768 17431.794894196082 18724.906502804737 19042.551286387206 20473.379578083477 0.181670 0.002669 2025-12-03 02:39:32.501
   4 0.95047821377382835 0.96673961915725626 0.026995426400139768 0.027457051740752362 17698.681154912694 19138.881259166206 19350.411992094498 20939.677881388714 0.117465 0.002647 2025-12-03 02:39:40.874
   5 0.96673961915725626 0.98313052339649154 0.026995426400139768 0.027457051740752362 17266.442223848208 18621.648575998955 18880.634284782278 20377.30340279514 0.147515 0.002675 2025-12-03 02:39:49.292
   6 0.98313052339649154 1.0009999999999999 0.026995426400139768 0.027457051740752362 16900.653413046552 18162.001347480491 18481.040483008761 19878.833778235545 0.185830 0.002708 2025-12-03 02:39:57.763
   7 0.93565413736122083 0.95047821377382835 0.027457051740752362 0.027891844893416114 17676.498567604936 19057.067832466586 19335.73955831604 20863.741723211955 0.154246 0.002653 2025-12-03 02:40:06.361
   8 0.95047821377382835 0.96673961915725626 0.027457051740752362 0.027891844893416114 17195.588863909277 18556.774662558695 18816.077010748511 20322.297039012443 0.146870 0.002681 2025-12-03 02:40:14.391
   9 0.96673961915725626 0.98313052339649154 0.027457051740752362 0.027891844893416114 16776.28398959227 18054.055928573507 18360.825614785997 19776.751323710145 0.178075 0.002712 2025-12-03 02:40:22.241
  10 0.98313052339649154 1.0009999999999999 0.027457051740752362 0.027891844893416114 16420.497813468213 17607.54159303827 17971.600948721756 19291.00692126566 0.216256 0.002747 2025-12-03 02:40:30.090
  11 0.92137462356982991 0.93565413736122083 0.027891844893416114 0.02832388482500978 17652.426731784148 19024.91870837563 19320.359253075731 20838.522439011824 0.162902 0.002653 2025-12-03 02:40:38.246
  12 0.93565413736122083 0.95047821377382835 0.027891844893416114 0.02832388482500978 17188.287994110706 18514.263056772448 18818.7931150484 20284.117637604111 0.172065 0.002686 2025-12-03 02:40:46.170
  13 0.95047821377382835 0.96673961915725626 0.027891844893416114 0.02832388482500978 16722.303508709625 18028.266769759095 18313.724874939555 19760.184486960559 0.164822 0.002716 2025-12-03 02:40:54.078
  14 0.96673961915725626 0.98313052339649154 0.027891844893416114 0.02832388482500978 16309.597984920847 17530.490999493424 17865.498689730124 19217.144816455526 0.198623 0.002749 2025-12-03 02:41:01.951
  15 0.98313052339649154 1.0009999999999999 0.027891844893416114 0.02832388482500978 15968.426383406741 17110.464242577273 17492.384527266335 18757.65181141589 0.231862 0.002787 2025-12-03 02:41:09.848
  16 0.90722908779059752 0.92137462356982991 0.02832388482500978 0.02876526975187112 17624.339027724753 18999.550722495074 19300.015347089091 20824.626232335526 0.164631 0.002655 2025-12-03 02:41:18.332
  17 0.92137462356982991 0.93565413736122083 0.02832388482500978 0.02876526975187112 17160.571290412288 18490.84372566477 18799.575485699683 20269.689265166886 0.173557 0.002687 2025-12-03 02:41:26.669
  18 0.93565413736122083 0.95047821377382835 0.02832388482500978 0.02876526975187112 16707.519705149261 18000.50852769503 18309.356654436775 19742.910192293413 0.177254 0.002722 2025-12-03 02:41:34.824
  19 0.95047821377382835 0.96673961915725626 0.02832388482500978 0.02876526975187112 16253.942110767472 17527.536267368854 17816.540852406601 19227.112068246566 0.170045 0.002754 2025-12-03 02:41:43.246
  20 0.96673961915725626 0.98313052339649154 0.02832388482500978 0.02876526975187112 15858.351507303405 17044.765763559571 17386.667246272427 18700.171891992428 0.206536 0.002790 2025-12-03 02:41:51.398
  21 0.98313052339649154 1.0009999999999999 0.02832388482500978 0.02876526975187112 15524.711780508382 16634.633733964427 17021.177869981431 18251.260885617216 0.239105 0.002829 2025-12-03 02:41:59.514
  22 0.89332671584406187 0.90722908779059752 0.02876526975187112 0.029212675765805728 17604.222857926612 18995.398147238342 19289.298081119796 20823.040784392371 0.160808 0.002656 2025-12-03 02:42:08.400
  23 0.90722908779059752 0.92137462356982991 0.02876526975187112 0.029212675765805728 17131.031952293379 18469.553310302977 18778.32721837897 20257.757979119342 0.172673 0.002688 2025-12-03 02:42:16.987
