   2.6071903e-02
   2.6545568e-02
   2.6995426e-02
   2.7457052e-02
   2.7891845e-02
   2.8323885e-02
   2.8765270e-02
   2.9212676e-02
   2.9663890e-02
   3.0123972e-02
   3.0593376e-02
   3.1070554e-02
   3.1555508e-02
   3.2049136e-02
   3.2552022e-02
   3.3063651e-02
   3.3583579e-02
   3.4111772e-02
   3.4648712e-02
   3.5194538e-02
   3.5748641e-02
   3.6310392e-02
   3.6880068e-02
   3.7457940e-02
   3.8044159e-02
   3.8637640e-02
   3.9238398e-02
   3.9846454e-02
   4.0462190e-02
   4.1085587e-02
   4.1716400e-02
   4.2354555e-02
   4.2999987e-02
   4.3652905e-02
   4.4313597e-02
   4.4982554e-02
   4.5659876e-02
   4.6345398e-02
   4.7039219e-02
   4.7741596e-02
   4.8452890e-02
   4.9174121e-02
   4.9905416e-02
   5.0646805e-02
   5.1398428e-02
   5.2160423e-02
