id x_inf, x_sup, t_inf, t_sup, lambda3_lb, lambda2_ub, lambda3_lb, lambda3_ub, relative_gap, h, time   1 0.99999999999999822 1.0001 0.026095354536650132 0.025775909398243427 19149.878255205738 18815.014650840043 20884.398440126457 20542.565055126342 1.197872 0.001287 2025-12-03 00:06:03.515
   2 0.98749999999999827 0.99999999999999822 0.025775909398243427 0.026097962887414984 18562.727402498414 19845.321419867789 20243.233895988204 23448.394917820948 0.110437 0.002597 2025-12-03 00:06:04.478
   3 0.99999999999999822 1.0001 0.025775909398243427 0.026097962887414984 18718.835401176795 19246.338812363316 20428.21072277605 22651.586110382948 0.347074 0.001299 2025-12-03 00:06:17.411
   4 0.97499999999999831 0.98749999999999827 0.026097962887414984 0.026428164006712863 18402.478777912391 19739.786177413593 20081.02832530349 21570.793997748988 0.186368 0.002602 2025-12-03 00:06:18.313
   5 0.98749999999999827 0.99999999999999822 0.026097962887414984 0.026428164006712863 18294.751761528627 19087.862886104867 19979.160704966653 20839.511324544561 0.508834 0.001312 2025-12-03 00:06:31.264
   1 0.98091706696737324 1.0009999999999999 0.026071902815524406 0.026605439972288553 18055.234653022406 19298.42950616798 19724.847156291351 22734.859514149943 0.124087 0.001319 2025-12-03 02:04:53.254
   2 0.95905075741437529 0.98091706696737324 0.026605439972288553 0.027211746607749502 17717.840710166118 19375.180596027436 19375.189885569631 21172.233583757883 0.000005 0.001753 2025-12-03 02:04:55.367
   3 0.98091706696737324 1.0009999999999999 0.026605439972288553 0.027211746607749502 17341.698272370864 18615.430245538766 18970.889610051239 20346.612229081635 0.205328 0.001115 2025-12-03 02:05:03.630
   4 0.93886757689293299 0.95905075741437529 0.027211746607749502 0.027796429395143655 17637.969934504286 19269.311043163594 19305.060871367041 22791.664429785425 0.010149 0.001776 2025-12-03 02:05:05.779
   5 0.95905075741437529 0.98091706696737324 0.027211746607749502 0.027796429395143655 17088.875006628758 18498.634746005595 18714.669630380693 20238.348046402189 0.124178 0.001169 2025-12-03 02:05:12.617
   1 0.98091706696737324 1.0009999999999999 0.026071902815524406 0.026605439972288553 18055.234653022406 19298.42950616798 19724.847156291351 22734.859514149943 0.124087 0.001319 2025-12-03 02:06:16.566
   1 0.98091706696737324 1.0009999999999999 0.026071902815524406 0.026605439972288553 18055.234653022406 19298.42950616798 19724.847156291351 22734.859514149943 0.124087 0.001319 2025-12-03 02:07:30.455
   1 0.98091706696737324 1.0009999999999999 0.026071902815524406 0.026605439972288553 18055.234653022406 19298.42950616798 19724.847156291351 22734.859514149943 0.124087 0.001319 2025-12-03 02:10:26.863
   1 0.98091706696737324 1.0009999999999999 0.026071902815524406 0.026605439972288553 17903.7351873753 19416.187440171198 19544.95056099377 21207.609442303394 0.071878 0.002638 2025-12-03 02:10:45.219
   2 0.95905075741437529 0.98091706696737324 0.026605439972288553 0.027211746607749502 17717.840710166118 19284.772021248424 19375.189885569631 21071.371375077601 0.050609 0.001753 2025-12-03 02:11:12.432
   1 0.98091706696737324 1.0009999999999999 0.026071902815524406 0.026605439972288553 17903.697263327544 19416.229065211741 19544.910410478413 21207.653467360244 0.071832 0.002638 2025-12-03 02:12:08.383
