2 0.97406586832820563 0.9902107131459128 0.026022588687010205 0.026446676557970408 18145.909838795007 20613.206030723177 19782.148812256601 22505.174913882645 2025-12-01 22:01:00.332
4 0.95792102351049846 0.97406586832820563 0.026446676557970408 0.026884812688265713 17964.656163386364 20524.242328677305 19603.067438953163 22631.811190431676 2025-12-01 22:01:44.009
5 0.97406586832820563 0.9902107131459128 0.026446676557970408 0.026884812688265713 17709.823801274018 19667.172249992211 19335.422736337892 21696.146204605615 2025-12-01 22:01:59.476
7 0.94177617869279129 0.95792102351049846 0.026884812688265713 0.027337706697498194 17977.005433173406 20516.451400783291 19631.971473073801 22448.068902822029 2025-12-01 22:02:44.348
8 0.95792102351049846 0.97406586832820563 0.026884812688265713 0.027337706697498194 17541.828151684414 19679.926870011568 19165.034999901331 21701.786215667933 2025-12-01 22:02:59.939
11 0.92563133387508412 0.94177617869279129 0.027337706697498194 0.02780611680458199 18044.013231696132 20090.23263317754 19730.104820447807 21994.921574344531 2025-12-01 22:04:17.809
12 0.94177617869279129 0.95792102351049846 0.027337706697498194 0.02780611680458199 17537.031353922019 19501.740337146319 19182.706435893633 21340.684821228719 2025-12-01 22:04:36.343
13 0.95792102351049846 0.97406586832820563 0.027337706697498194 0.02780611680458199 17121.372324556454 18810.196615334666 18735.036662623479 20658.778573030904 2025-12-01 22:04:58.642
16 0.90948648905737695 0.92563133387508412 0.02780611680458199 0.028290854059578367 18050.789537065433 19962.983137411065 19754.26769402868 21931.976263497236 2025-12-01 22:09:48.899
2 0.97406586832820563 0.9902107131459128 0.026022588687010205 0.026446676557970408 18145.909838795007 19809.587980632376 19782.148812256601 21649.07601134916 2025-12-01 22:16:07.330
2 0.97406586832820563 0.9902107131459128 0.026022588687010205 0.026446676557970408 18209.148834496067 20581.828247871552 19860.609944695581 22509.964025482779 2025-12-01 22:17:21.889
2 0.97406586832820563 0.9902107131459128 0.026022588687010205 0.026446676557970408 18275.354613631684 19977.57823959439 19938.266264636106 21824.901040179248 2025-12-01 22:24:04.347
4 0.95792102351049846 0.97406586832820563 0.026446676557970408 0.026884812688265713 18095.148143982173 19942.204785471651 19752.78614433825 21813.09702937449 2025-12-01 22:24:49.731
55 0.9902107131459128 1.0063555579636199 0.029834268645973109 0.030372269102959131 13282.03101526536 16417.575404050967 14540.000474823404 18050.416852745817 2025-12-01 22:57:31.605
65 0.97406586832820563 0.9902107131459128 0.030372269102959131 0.030921896900786408 13566.701903973806 15258.568966139939 14914.240660767822 16956.327546043292 2025-12-01 23:02:38.043
66 0.9902107131459128 1.0063555579636199 0.030372269102959131 0.030921896900786408 11674.243013433908 18484.522852448739 12682.804512831126 20544.916300300622 2025-12-01 23:02:39.805
76 0.95792102351049846 0.97406586832820563 0.030921896900786408 0.0314884677545322 13364.207326314618 15353.428512384693 14698.149747563848 16944.510581611448 2025-12-01 23:07:38.897
77 0.97406586832820563 0.9902107131459128 0.030921896900786408 0.0314884677545322 12387.899537240413 15733.935620780276 13572.04716566678 18094.363315157061 2025-12-01 23:07:41.954
78 0.9902107131459128 1.0063555579636199 0.030921896900786408 0.0314884677545322 10938.296220973336 17884.096376838628 11705.107336472222 20191.207649033644 2025-12-01 23:07:43.476
88 0.94177617869279129 0.95792102351049846 0.0314884677545322 0.032066381160749793 13252.538114867471 15323.349809118872 14591.849068039961 16933.84635330168 2025-12-01 23:12:54.675
89 0.95792102351049846 0.97406586832820563 0.0314884677545322 0.032066381160749793 12269.999471760426 15818.27652009102 13455.75509840152 18103.619161340855 2025-12-01 23:12:58.668
90 0.97406586832820563 0.9902107131459128 0.0314884677545322 0.032066381160749793 12035.371657547395 15130.40955611169 13205.433019515878 17119.809460180099 2025-12-01 23:13:02.271
91 0.9902107131459128 1.0063555579636199 0.0314884677545322 0.032066381160749793 9985.5558420489488 17724.767268866319 10800.147757770086 22666.960308435042 2025-12-01 23:13:03.616
101 0.92563133387508412 0.94177617869279129 0.032066381160749793 0.032654269031471221 13203.255905906117 15255.218258339568 14545.207412338041 16892.119794554485 2025-12-01 23:17:59.981
102 0.94177617869279129 0.95792102351049846 0.032066381160749793 0.032654269031471221 12243.662342517984 15524.831325152441 13443.713306402682 17321.550482964765 2025-12-01 23:18:02.978
103 0.95792102351049846 0.97406586832820563 0.032066381160749793 0.032654269031471221 11907.577292533353 15378.685422556569 13076.722729698684 17447.463366170799 2025-12-01 23:18:06.022
104 0.97406586832820563 0.9902107131459128 0.032066381160749793 0.032654269031471221 11699.752776584 14598.64818451742 12852.731089176697 16408.736057121623 2025-12-01 23:18:09.171
105 0.9902107131459128 1.0063555579636199 0.032066381160749793 0.032654269031471221 11467.910703919821 14648.034856498301 12598.266668827133 16453.233344022083 2025-12-02 01:43:14.766
105 0.9902107131459128 1.0063555579636199 0.032066381160749793 0.032654269031471221 11467.910703919821 14648.034856498301 12598.266668827133 16453.233344022083 2025-12-02 01:44:55.442
105 0.9902107131459128 1.0063555579636199 0.032066381160749793 0.032654269031471221 11467.910703919821 14648.034856498301 12598.266668827133 16453.233344022083 0.0086046216463000723 2025-12-02 01:48:25.711
105 0.9902107131459128 1.0063555579636199 0.032066381160749793 0.032654269031471221 11467.910703919821 14648.034856498301 12598.266668827133 16453.233344022083 0.0086046216463000723 2025-12-02 01:48:27.749
105 0.9902107131459128 1.0063555579636199 0.032066381160749793 0.032654269031471221 12162.027510645319 15993.504912144783 13421.892298951159 14655.033862023387 0.0043023108231500361 2025-12-02 01:49:41.492
2 0.94484197495276157 0.96759649935074832 0.02560286453360212 0.026971531497156077 18441.945736316051 21176.213350222319 20160.196873143654 23080.680575020393 0.00097773918432419787 2025-12-02 05:29:54.126
2 0.96759649935074776 0.99122157692071378 0.02547578008946615 0.026328984454571765 18601.780735047425 20520.926059795333 20309.877890804844 24103.934415233187 0.001296090380768598 2025-12-02 11:55:09.822
6 0.99122157692071378 1.0001 0.026328984454571765 0.026971531497156091 17631.811873119925 21998.955003915802 19277.643276478033 18657.975024937601 0.00123657988771475 2025-12-02 11:55:52.160
39 0.86481562738425977 0.88414954676621571 0.03017517889742705 0.030852606725100366 16858.552228392058 21740.504267322191 18537.909202943571 20072.052420220214 0.00050000000000000001 2025-12-02 12:05:52.108
52 0.92421311887902136 0.94484197495276112 0.030852606725100366 0.031545435593109378 14407.456445488026 18649.306943041251 15890.20850840514 15587.210200136089 0.00050000000000000001 2025-12-02 12:13:53.981
54 0.96759649935074776 0.99122157692071378 0.030852606725100366 0.031545435593109378 13398.811119252663 17313.838915603723 14785.089164965921 14444.978400812653 0.0011431336984383828 2025-12-02 12:14:40.299
57 0.8089896976260621 0.8272268171282533 0.031545435593109378 0.032256079138811462 17538.933080269646 22615.117470208104 19290.4596991379 19049.700735924809 0.00045207290967505309 2025-12-02 12:23:33.388
2 0.98749999999999827 0.99999999999999822 0.025775909398243427 0.026097962887414984 18683.486964424923 22940.907318006139 20385.784198655165 21270.998737892209 0.0016975969223831456 2025-12-02 13:04:44.099
13 0.97499999999999831 0.98749999999999827 0.026766825832826531 0.027114277686742648 17679.009223783665 21872.41601484684 19330.312925716611 18522.973792333683 0.0016900501547035887 2025-12-02 13:05:13.635
14 0.98749999999999827 0.99999999999999822 0.026766825832826531 0.027114277686742648 17431.918977303547 21489.162976763175 19061.294251604744 19889.599463734914 0.0016464112323143767 2025-12-02 13:05:19.271
16 0.93749999999999845 0.9499999999999984 0.027114277686742648 0.027470866200886415 18322.551833526613 22780.506088935483 20039.34654388441 19290.712537928826 0.0016130347048545803 2025-12-02 13:05:28.377
17 0.9499999999999984 0.96249999999999836 0.027114277686742648 0.027470866200886415 17926.530232440913 22282.093776364054 19609.8352262177 20620.959285096469 0.0017091871922028962 2025-12-02 13:05:33.416
24 0.9499999999999984 0.96249999999999836 0.027470866200886415 0.027836956471485659 17497.150488734842 21782.702499991894 19154.32654025501 20145.980928009292 0.0016977188226614322 2025-12-02 13:05:56.646
33 0.96249999999999836 0.97499999999999831 0.027836956471485659 0.028212933304202919 16742.347149324945 19260.476138394166 18346.042232498225 17584.935868124288 0.0016711486674043305 2025-12-02 13:06:23.526
39 0.92499999999999849 0.93749999999999845 0.028212933304202919 0.028599202561960382 17409.930089603582 21750.417652914417 19081.006235252309 20102.030597823825 0.0015736098035253371 2025-12-02 13:06:43.373
51 0.9499999999999984 0.96249999999999836 0.028599202561960382 0.028996192624871787 16246.177682385145 20312.802319487793 17827.815856554516 17096.54671626756 0.0016462591752924882 2025-12-02 13:07:18.054
55 0.99999999999999822 1.0001 0.028599202561960382 0.028996192624871787 15394.054548090351 18903.261994393419 16894.127432570509 17439.459969921896 0.0021112662551400195 2025-12-02 13:07:28.174
63 0.96249999999999836 0.97499999999999831 0.028996192624871787 0.029404355973309829 15533.90972909865 19423.686792962006 17063.722916223938 16315.75082532446 0.0015636656384803685 2025-12-02 13:07:47.677
77 0.98749999999999827 0.99999999999999822 0.029404355973309829 0.029824170906394686 14676.575976956916 18274.328154837734 16138.979593959657 16837.578373981829 0.0014358000098991803 2025-12-02 13:08:23.021
98 0.91249999999999853 0.92499999999999849 0.030256143409610078 0.030700809186861501 15660.136327955659 19717.865027444117 17231.330535627763 16525.634956707636 0.0014336877058695908 2025-12-02 13:09:30.976
99 0.92499999999999849 0.93749999999999845 0.030256143409610078 0.030700809186861501 15304.926347875644 19265.02781982152 16845.695435965878 16135.216098515608 0.0013963162529864672 2025-12-02 13:09:39.332
105 0.99999999999999822 1.0001 0.030256143409610078 0.030700809186861501 13855.218307977124 17167.486389153502 15254.748045282786 14345.238416790158 0.0024626344606577945 2025-12-02 13:09:58.710
107 0.8374999999999988 0.84999999999999876 0.030700809186861501 0.031158735874114763 17728.178502185725 22327.459825617167 19473.424492455866 20625.952475681541 0.0015012752764198456 2025-12-02 13:10:11.213
116 0.9499999999999984 0.96249999999999836 0.030700809186861501 0.031158735874114763 14266.815907299186 17972.296943604058 15724.710329257314 15010.941399978823 0.0013942250683067305 2025-12-02 13:10:52.059
120 0.99999999999999822 1.0001 0.030700809186861501 0.031158735874114763 13488.330319748489 16746.002066295794 14864.025037634141 13970.368492176094 0.0024754688900803603 2025-12-02 13:10:58.892
121 0.81249999999999889 0.82499999999999885 0.031158735874114763 0.031630525453824485 18212.59674742533 22943.409686983508 19999.13346322639 21214.69380709773 0.0014989548765675241 2025-12-02 13:11:05.547
136 0.99999999999999822 1.0001 0.031158735874114763 0.031630525453824485 13129.723562503157 16329.62341239028 14482.268321559115 15000.072715521314 0.0024882515386821765 2025-12-02 13:11:44.719
149 0.9499999999999984 0.96249999999999836 0.031630525453824485 0.03211681689171951 13459.840858761023 17084.149428725366 14858.045084995454 15689.300464092401 0.0021368533136011752 2025-12-02 13:12:32.555
150 0.96249999999999836 0.97499999999999831 0.031630525453824485 0.03211681689171951 13202.609629944944 16736.644363276882 14576.787458300956 15366.875638644769 0.0021278137931405369 2025-12-02 13:12:36.589
153 0.99999999999999822 1.0001 0.031630525453824485 0.03211681689171951 12772.534141772587 15918.03687179689 14101.494835876154 14610.615049057717 0.002500860304447156 2025-12-02 13:12:42.103
167 0.9499999999999984 0.96249999999999836 0.03211681689171951 0.032618289020200017 13089.575548879515 16644.672566367542 14463.262227845813 13830.197071916715 0.0021241662219764904 2025-12-02 13:13:26.493
170 0.98749999999999827 0.99999999999999822 0.03211681689171951 0.032618289020200017 12452.720728193546 15729.726272491989 13765.038214443626 14426.617603513345 0.0020343737750443559 2025-12-02 13:13:32.976
171 0.99999999999999822 1.0001 0.03211681689171951 0.032618289020200017 12422.3056981678 15511.511698122195 13728.003460308519 14226.120221269695 0.0025131327097747949 2025-12-02 13:13:35.688
174 0.79999999999999893 0.81249999999999889 0.032618289020200017 0.033135663695671363 17202.936614762315 21762.300945353461 18930.539787649726 20096.293274319629 0.0014124709495041939 2025-12-02 13:13:47.221
184 0.92499999999999849 0.93749999999999845 0.032618289020200017 0.033135663695671363 13283.54626693297 16936.482194729648 14685.615664356881 14064.260891605905 0.0020121313105057326 2025-12-02 13:14:19.284
187 0.96249999999999836 0.97499999999999831 0.032618289020200017 0.033135663695671363 12482.431324703019 15881.714441827147 13808.990415001748 14558.193124506925 0.002095055476906413 2025-12-02 13:14:25.824
192 0.77499999999999902 0.78749999999999898 0.033135663695671363 0.033669709260654462 17694.491053233116 22375.648300213266 19459.770205785742 20688.256750790937 0.0014061712706202871 2025-12-02 13:14:47.033
203 0.91249999999999853 0.92499999999999849 0.033135663695671363 0.033669709260654462 13203.052990931968 16869.460049866317 14607.344810935298 15470.025087613401 0.0020027931582906563 2025-12-02 13:15:55.307
205 0.93749999999999845 0.9499999999999984 0.033135663695671363 0.033669709260654462 12627.838427184006 16123.072810468377 13978.928917033994 14775.222014619423 0.0019682060589758282 2025-12-02 13:16:00.870
231 0.99999999999999822 1.0001 0.033669709260654462 0.034221244345543307 11396.126850194027 14321.928265346147 12632.717310224929 11822.407715244435 0.0025453733260164414 2025-12-02 13:16:51.576
237 0.79999999999999893 0.81249999999999889 0.034221244345543307 0.034791142049514244 15740.906931626201 20020.226392373872 17374.82363025986 16735.025029680677 0.0012322761607414889 2025-12-02 13:17:20.302
244 0.88749999999999862 0.89999999999999858 0.034221244345543307 0.034791142049514244 13049.260111529666 16738.269100001344 14456.761137423557 13856.835207072067 0.0019516801658885062 2025-12-02 13:17:57.215
246 0.91249999999999853 0.92499999999999849 0.034221244345543307 0.034791142049514244 12444.275317151703 15963.364529173527 13797.00357972303 14614.027823241693 0.0019458999191280897 2025-12-02 13:18:04.465
262 0.82499999999999885 0.8374999999999988 0.034791142049514244 0.035380334545428868 14452.191369082529 18445.898482723635 15992.554541233096 16948.060183949168 0.00098665959610349531 2025-12-02 13:19:18.957
264 0.84999999999999876 0.86249999999999871 0.034791142049514244 0.035380334545428868 13676.846886142808 17521.869939668755 15149.374955629319 14528.773959934271 0.0015522471819888401 2025-12-02 13:19:26.858
267 0.88749999999999862 0.89999999999999858 0.034791142049514244 0.035380334545428868 12659.860449734402 16271.010042537775 14040.832495955032 13444.241615372561 0.0019189534105364737 2025-12-02 13:19:34.219
274 0.97499999999999831 0.98749999999999827 0.034791142049514244 0.035380334545428868 10921.615371864124 13968.679400558758 12136.546146069086 11490.407373777551 0.0018474451127504709 2025-12-02 13:19:55.306
282 0.77499999999999902 0.78749999999999898 0.035380334545428868 0.035989818159735072 15670.57287253793 19962.770996760424 17306.065225462557 18399.209609874211 0.0011480819900750675 2025-12-02 13:20:35.934
286 0.82499999999999885 0.8374999999999988 0.035380334545428868 0.035989818159735072 14003.769818006582 17920.319880560783 15512.710241992789 16450.734720597775 0.0010691624661982198 2025-12-02 13:21:17.831
292 0.89999999999999858 0.91249999999999853 0.035380334545428868 0.035989818159735072 11983.588803120161 15437.264310778206 13311.239112499572 12718.632046034259 0.0018874242720643578 2025-12-02 13:21:37.526
302 0.71249999999999925 0.7249999999999992 0.035989818159735072 0.036620658985502437 17676.046515064834 22406.193715877605 19440.023564155104 20749.432547416571 0.001256647406057858 2025-12-02 13:22:08.252
314 0.86249999999999871 0.87499999999999867 0.035989818159735072 0.036620658985502437 12501.369766338263 16126.470795682699 13883.687713941954 14755.192469077927 0.0018781611238683905 2025-12-02 13:22:46.919
327 0.69999999999999929 0.71249999999999925 0.036620658985502437 0.0372739990950006 17673.289857765558 22413.1701816567 19433.99462289688 20760.796150467952 0.0012178926409342596 2025-12-02 13:23:14.238
357 0.73749999999999916 0.74999999999999911 0.0372739990950006 0.037951063427849922 15561.836571727094 19862.260024318377 17193.066380268996 18321.864622662091 0.0009818487966913507 2025-12-02 13:25:54.947
369 0.88749999999999862 0.89999999999999858 0.0372739990950006 0.037951063427849922 11158.464504177397 14463.360908563503 12434.685859551888 11853.542221869655 0.00168461510410432 2025-12-02 13:28:53.518
375 0.96249999999999836 0.97499999999999831 0.0372739990950006 0.037951063427849922 9768.6577690168997 12678.733244078678 10901.752502411462 11537.752421784773 0.0025236564933543656 2025-12-02 13:29:01.055
376 0.97499999999999831 0.98749999999999827 0.0372739990950006 0.037951063427849922 9611.3490358734853 12446.928659502779 10727.891292419266 10152.376182786595 0.0024779290866311088 2025-12-02 13:29:03.990
377 0.98749999999999827 0.99999999999999822 0.0372739990950006 0.037951063427849922 9482.0131087736663 12245.072159967323 10584.076986992337 11139.602772013714 0.0024313509392664399 2025-12-02 13:29:07.209
379 0.66249999999999942 0.67499999999999938 0.037951063427849922 0.038653167441990058 18275.174620949911 23171.039782402295 20058.376777984464 19620.745315918764 0.0011584850613101435 2025-12-02 13:29:21.090
380 0.67499999999999938 0.68749999999999933 0.037951063427849922 0.038653167441990058 17665.775840626673 22429.515918645662 19417.027277944188 18949.636898200257 0.0011287847397482636 2025-12-02 13:29:36.733
383 0.71249999999999925 0.7249999999999992 0.037951063427849922 0.038653167441990058 16019.145700332194 20427.664723816913 17677.388985087629 18869.575685789147 0.00097958689414739931 2025-12-02 13:30:07.529
400 0.92499999999999849 0.93749999999999845 0.037951063427849922 0.038653167441990058 10043.753031511729 13096.266285398717 11215.403134795171 11916.217631874628 0.0024107618277043976 2025-12-02 13:31:22.648
403 0.96249999999999836 0.97499999999999831 0.037951063427849922 0.038653167441990058 9455.9239813048753 12302.501036929911 10566.193415254567 11183.792087529635 0.0024913376928431862 2025-12-02 13:31:28.553
411 0.69999999999999929 0.71249999999999925 0.038653167441990058 0.03938172562782373 15988.047750288262 20400.013130419484 17641.492683570519 18847.486536164455 0.00090585970371268433 2025-12-02 13:32:42.658
417 0.77499999999999902 0.78749999999999898 0.038653167441990058 0.03938172562782373 13259.049973667954 17144.727090511144 14723.662772544898 15729.7249119138 0.001784127081335692 2025-12-02 13:32:59.408
428 0.91249999999999853 0.92499999999999849 0.038653167441990058 0.03938172562782373 9932.0797020319205 12986.330568981533 11101.193051424001 11808.514500034031 0.0023943534163421059 2025-12-02 13:33:25.105
436 0.63749999999999951 0.64999999999999947 0.03938172562782373 0.040138261001263581 18290.82329526731 23225.51107596741 20061.56364543159 21534.562611704001 0.00106022819973531 2025-12-02 13:33:53.384
456 0.88749999999999862 0.89999999999999858 0.03938172562782373 0.040138261001263581 10060.007610495935 13183.512811633424 11250.434775326181 11986.926170860281 0.0023362146186119959 2025-12-02 13:35:59.935
457 0.89999999999999858 0.91249999999999853 0.03938172562782373 0.040138261001263581 9822.9921964502009 12877.708282270441 10989.877610031925 11702.841408109271 0.0023755789069716533 2025-12-02 13:36:03.329
459 0.92499999999999849 0.93749999999999845 0.03938172562782373 0.040138261001263581 9391.173579182956 12306.830343819172 10514.71256133735 9990.0611539652782 0.002328104386986394 2025-12-02 13:36:08.029
461 0.9499999999999984 0.96249999999999836 0.03938172562782373 0.040138261001263581 9009.5902471883255 11795.611684123316 10092.591033750141 10702.737338604871 0.002439988047320298 2025-12-02 13:36:12.420
469 0.66249999999999942 0.67499999999999938 0.040138261001263581 0.040924415709477774 16468.618462960978 21012.122959363791 18139.145931060266 19433.837180378483 0.0008185591484578459 2025-12-02 13:37:44.998
482 0.82499999999999885 0.8374999999999988 0.040138261001263581 0.040924415709477774 11067.841976140762 14444.641335274386 12363.542277311695 13169.865116183697 0.0015124181213291958 2025-12-02 13:38:57.396
493 0.96249999999999836 0.97499999999999831 0.040138261001263581 0.040924415709477774 8550.1925749048442 11203.794342433299 9593.6399967105881 10152.148129085474 0.0022692153822841256 2025-12-02 13:39:27.271
496 0.99999999999999822 1.0001 0.040138261001263581 0.040924415709477774 8260.1167837947705 10682.309321635599 9264.3243700148287 9675.947984294191 0.0033521882892081525 2025-12-02 13:39:31.591
512 0.79999999999999893 0.81249999999999889 0.040924415709477774 0.04174196290443364 11278.667249432718 14727.469143612592 12597.017570142601 13440.537218341209 0.001507641975845644 2025-12-02 13:41:07.153
514 0.82499999999999885 0.8374999999999988 0.040924415709477774 0.04174196290443364 10682.763653656906 13976.146544917436 11950.358611618682 11400.003658666659 0.0013539658326811985 2025-12-02 13:41:20.203
525 0.96249999999999836 0.97499999999999831 0.040924415709477774 0.04174196290443364 8244.6271939851722 10851.369717637775 9262.3241159900408 9820.7304332793101 0.0026419078198379013 2025-12-02 13:41:41.735
528 0.99999999999999822 1.0001 0.040924415709477774 0.04174196290443364 7976.8693975349379 10346.058700937483 8960.0969914302914 9360.4757125679498 0.0033678745279813243 2025-12-02 13:41:45.961
550 0.86249999999999871 0.87499999999999867 0.04174196290443364 0.042592820064532938 9502.423047315473 12542.943268226232 10661.625409101158 11381.310721356538 0.0022535620060124572 2025-12-02 13:42:53.574
560 0.98749999999999827 0.99999999999999822 0.04174196290443364 0.042592820064532938 7716.4473337903528 10151.906854445146 8682.2305489476494 9174.1799391831701 0.0028606843675795775 2025-12-02 13:43:13.121
561 0.99999999999999822 1.0001 0.04174196290443364 0.042592820064532938 7699.5655700174721 10014.858773517222 8661.1165739109892 8048.4259818293494 0.0033818482806559193 2025-12-02 13:43:15.447
582 0.8374999999999988 0.84999999999999876 0.042592820064532938 0.043479063974522829 9637.1509236905295 12741.31824068588 10815.339959348074 11566.828209305806 0.002231228837472734 2025-12-02 13:45:46.718
586 0.88749999999999862 0.89999999999999858 0.042592820064532938 0.043479063974522829 8723.6249168707527 11554.748761835406 9812.9268232050872 10458.22198572884 0.0021018736673039107 2025-12-02 13:45:55.322
587 0.89999999999999858 0.91249999999999853 0.042592820064532938 0.043479063974522829 8522.5006582675323 11289.386591475964 9591.2043681384712 10212.289615071106 0.0020977638957820387 2025-12-02 13:45:59.830
590 0.93749999999999845 0.9499999999999984 0.042592820064532938 0.043479063974522829 7960.1896440935179 10570.021750183951 8964.705825250694 8487.0317095570626 0.0027951007995362961 2025-12-02 13:46:08.436
591 0.9499999999999984 0.96249999999999836 0.042592820064532938 0.043479063974522829 7800.8015606341105 10356.357933912017 8786.7705436452688 9352.6854718390769 0.0029440969255804489 2025-12-02 13:46:11.210
593 0.97499999999999831 0.98749999999999827 0.042592820064532938 0.043479063974522829 7543.1036665964575 9978.5433277968896 8499.6264622137733 9007.4350848722079 0.0028637927760840971 2025-12-02 13:46:14.892
594 0.98749999999999827 0.99999999999999822 0.042592820064532938 0.043479063974522829 7442.6917616548108 9821.0194144554607 8387.0508539909733 7871.8834888295833 0.0028169762814387383 2025-12-02 13:46:17.637
596 0.57499999999999973 0.58749999999999969 0.043479063974522829 0.044402947609447123 18329.012739781341 23401.33222734242 20065.282482800958 19847.99663913143 0.00070671748664286082 2025-12-02 13:47:28.972
624 0.92499999999999849 0.93749999999999845 0.043479063974522829 0.044402947609447123 7830.2970039825968 10435.917337014096 8829.4911398740442 9419.0022427172098 0.0028001788040821459 2025-12-02 13:49:07.540
627 0.96249999999999836 0.97499999999999831 0.043479063974522829 0.044402947609447123 7385.2708713271331 9819.7334133195818 8333.8124275992086 7854.2460604624766 0.0028634803848723682 2025-12-02 13:49:12.524
651 0.81249999999999889 0.82499999999999885 0.044402947609447123 0.045366919210899519 9420.0934642811844 12501.593708980201 10589.332104072162 11343.956850324357 0.0021362590428451313 2025-12-02 13:52:31.299
654 0.84999999999999876 0.86249999999999871 0.044402947609447123 0.045366919210899519 8707.0334815317474 11586.113011496318 9809.1285455902489 10482.97551657232 0.0020272969677929153 2025-12-02 13:52:38.944
658 0.89999999999999858 0.91249999999999853 0.044402947609447123 0.045366919210899519 7879.9910860434265 10537.995856475553 8893.1329588534227 9507.7498348531335 0.0027884040713356782 2025-12-02 13:52:52.535
666 0.99999999999999822 1.0001 0.044402947609447123 0.045366919210899519 6885.3281746373086 9051.4498468226884 7780.62498571161 8148.5427626052087 0.0035581497946941295 2025-12-02 13:53:05.371
731 0.87499999999999867 0.88749999999999862 0.046373643894781984 0.047426028191060919 7636.0717555354577 10272.881580859093 8638.9574340714007 8193.0720713267929 0.002681332194740301 2025-12-02 13:56:17.318
736 0.93749999999999845 0.9499999999999984 0.046373643894781984 0.047426028191060919 6832.4456338138762 9186.412314148698 7746.2968742227704 8255.5858336192323 0.0025757059479245359 2025-12-02 13:56:29.299
738 0.96249999999999836 0.97499999999999831 0.046373643894781984 0.047426028191060919 6569.5746444134365 8836.6531240828572 7449.4118639461421 7936.2818429972267 0.0032225433099137262 2025-12-02 13:56:32.833
741 0.99999999999999822 1.0001 0.046373643894781984 0.047426028191060919 6364.8593177510456 8434.5985225638306 7215.7422859125727 7572.3645872302877 0.003810218021855698 2025-12-02 13:56:36.945
768 0.84999999999999876 0.86249999999999871 0.047426028191060919 0.048527247990039483 7705.6528526718666 9359.3834187449538 8723.1486814691816 10386.478061291953 0.0026638381328078246 2025-12-02 14:06:27.660
776 0.9499999999999984 0.96249999999999836 0.047426028191060919 0.048527247990039483 6419.9323847312844 8682.3282023366937 7290.8796722344468 6865.0348834856377 0.0033659215235384513 2025-12-02 14:06:44.038
781 0.51249999999999996 0.52499999999999991 0.048527247990039483 0.049680780459434117 18344.1391177816 23622.346021584181 20056.257291228474 21855.517361527767 0.00058386493659444427 2025-12-02 14:09:18.042
805 0.81249999999999889 0.82499999999999885 0.048527247990039483 0.049680780459434117 7998.4630080834495 10774.421833640195 9051.6428749299248 9724.7361039585921 0.0023024178709206674 2025-12-02 14:16:31.763
814 0.92499999999999849 0.93749999999999845 0.048527247990039483 0.049680780459434117 6412.2862412093555 8711.9250661069145 7291.9122718634117 7808.5941441807763 0.0031757985959303845 2025-12-02 14:16:47.493
817 0.96249999999999836 0.97499999999999831 0.048527247990039483 0.049680780459434117 6056.8958276544281 8208.8924688785264 6893.0203474650543 6466.2366705384111 0.0032688490615512926 2025-12-02 14:16:51.833
821 0.5 0.51249999999999996 0.049680780459434117 0.050890440605863459 18345.047381179149 20086.932595416412 20055.348690360632 21900.89617992123 0.00057833496234685597 2025-12-02 14:19:27.838
822 0.51249999999999996 0.52499999999999991 0.049680780459434117 0.050890440605863459 17550.05923520762 22671.859035770245 19214.540304229693 19190.347256454021 0.00050000000000000001 2025-12-02 14:24:32.927
824 0.53749999999999987 0.54999999999999982 0.049680780459434117 0.050890440605863459 16108.371108925827 20865.997343471932 17690.419385129815 19244.363589173656 0.00050000000000000001 2025-12-02 14:30:15.042
832 0.63749999999999951 0.64999999999999947 0.049680780459434117 0.050890440605863459 11846.609576172381 15540.557580735513 13188.193117918263 14242.946222454091 0.00075935478716060781 2025-12-02 14:32:42.415
849 0.84999999999999876 0.86249999999999871 0.049680780459434117 0.050890440605863459 7082.95709074557 9615.500634385684 8048.2174522285859 8639.9101207752228 0.0024631113158915799 2025-12-02 14:34:17.619
850 0.86249999999999871 0.87499999999999867 0.049680780459434117 0.050890440605863459 6909.7440361263689 9386.0054872157489 7856.6544018967415 8426.5827622807883 0.002405841084631224 2025-12-02 14:34:21.394
853 0.89999999999999858 0.91249999999999853 0.049680780459434117 0.050890440605863459 6422.7578826718291 7845.996991361656 7312.4399507522858 8758.5386448043719 0.0030788789895563082 2025-12-02 14:34:26.084
854 0.91249999999999853 0.92499999999999849 0.049680780459434117 0.050890440605863459 6280.7030535369549 8566.8168462034282 7153.5161921516383 7670.3571722489969 0.0031763924325760211 2025-12-02 14:34:28.461
856 0.93749999999999845 0.9499999999999984 0.049680780459434117 0.050890440605863459 6026.0998740017967 8212.602386247383 6868.6595076104077 7347.1723864461774 0.0031059166249309909 2025-12-02 14:34:32.392
857 0.9499999999999984 0.96249999999999836 0.049680780459434117 0.050890440605863459 5911.0275629846265 8051.8000507786937 6738.9319485513552 6324.3215785122802 0.0032473255311518917 2025-12-02 14:34:34.706
858 0.96249999999999836 0.97499999999999831 0.049680780459434117 0.050890440605863459 5809.8634401469244 7903.2786511863824 6624.9870383345969 7066.1761013494752 0.0031576729860011781 2025-12-02 14:34:37.299
859 0.97499999999999831 0.98749999999999827 0.049680780459434117 0.050890440605863459 5720.3201110635437 7768.4432432128642 6523.6604277871174 6096.0704761465322 0.0032186764087681853 2025-12-02 14:34:39.733
861 0.99999999999999822 1.0001 0.049680780459434117 0.050890440605863459 5626.314294414703 7547.894386582263 6413.5441124210511 6745.95754535381 0.0041284356686394465 2025-12-02 14:34:42.416
879 0.71249999999999925 0.7249999999999992 0.050890440605863459 0.051478838179502787 9456.2787028290386 12377.052954541798 10630.759712433575 11255.498171061598 0.0025940262088927613 2025-12-02 14:36:20.436
880 0.7249999999999992 0.73749999999999916 0.050890440605863459 0.051478838179502787 9166.69703931611 12024.242918252472 10319.669054274464 9714.4288212785523 0.0026095893255282422 2025-12-02 14:36:23.273
883 0.76249999999999907 0.77499999999999902 0.050890440605863459 0.051478838179502787 8382.7430175791251 11061.152363942843 9472.7385830457642 10004.760047698011 0.0026347860139637352 2025-12-02 14:36:29.743
886 0.79999999999999893 0.81249999999999889 0.050890440605863459 0.051478838179502787 7685.2973211986455 9205.5566120678377 8708.9623428510331 8129.5729881930929 0.0032559984136386554 2025-12-02 14:36:34.573
893 0.88749999999999862 0.89999999999999858 0.050890440605863459 0.051478838179502787 6419.6394584858817 8613.2296587036562 7309.2099263460968 7708.9968109663187 0.0038337932754468683 2025-12-02 14:36:42.403
894 0.89999999999999858 0.91249999999999853 0.050890440605863459 0.051478838179502787 6275.4976711497411 8420.6847628104515 7148.254349381803 6612.3118133357275 0.0038881146699112391 2025-12-02 14:36:44.396
896 0.92499999999999849 0.93749999999999845 0.050890440605863459 0.051478838179502787 6009.0975576736819 8062.868133968972 6851.1063920694714 7204.7567523745201 0.0039070636245797097 2025-12-02 14:36:47.479
900 0.97499999999999831 0.98749999999999827 0.050890440605863459 0.051478838179502787 5582.9796660496868 7473.581821545311 6368.8680060821134 5844.3107390560244 0.004339557478759996 2025-12-02 14:36:51.955
911 0.59999999999999964 0.6124999999999996 0.050890440605863459 0.052028837392496891 12677.617574442302 16546.83543073339 14058.428770398996 15181.015351952812 0.0011137337044009469 2025-12-02 14:43:25.295
927 0.79999999999999893 0.81249999999999889 0.050890440605863459 0.052028837392496891 7559.5203278090448 10217.793251447169 8576.520795284765 9205.8955890054913 0.0026611104707950769 2025-12-02 14:45:02.791
933 0.87499999999999867 0.88749999999999862 0.050890440605863459 0.052028837392496891 6470.4742748243298 8814.7706454810359 7372.293077777018 6939.0278563944703 0.0030725104616566683 2025-12-02 14:45:14.367
935 0.89999999999999858 0.91249999999999853 0.050890440605863459 0.052028837392496891 6173.3381303710421 8421.5438409920807 7040.3455185013772 6613.1529535712161 0.003292621528046962 2025-12-02 14:45:17.493
936 0.91249999999999853 0.92499999999999849 0.050890440605863459 0.052028837392496891 6039.099675918349 7363.9832850421371 6890.2655281282214 6462.2092065524921 0.0032675467981980269 2025-12-02 14:45:19.703
938 0.93749999999999845 0.9499999999999984 0.050890440605863459 0.052028837392496891 5795.8250306232039 7898.7006115960248 6617.6318719765477 7055.1360937524323 0.0032046742833501422 2025-12-02 14:45:23.262
942 0.98749999999999827 0.99999999999999822 0.050890440605863459 0.052028837392496891 5419.0064195972509 7360.3995931623494 6189.1333594157104 5754.3376120622343 0.003873342393713283 2025-12-02 14:45:27.986
944 0.5 0.51249999999999996 0.050890440605863459 0.052599378907334425 17262.658665027684 19211.761402435957 18907.761507669566 20974.416242827876 0.00050000000000000001 2025-12-02 14:50:15.886
945 0.51249999999999996 0.52499999999999991 0.050890440605863459 0.052599378907334425 16513.590171770556 18355.464282500212 18114.261360984856 20067.790962000221 0.00050000000000000001 2025-12-02 14:56:20.892
946 0.52499999999999991 0.53749999999999987 0.050890440605863459 0.052599378907334425 15813.864445264455 17557.170076006751 17373.456159939538 19223.062834531906 0.00050000000000000001 2025-12-02 15:01:51.300
947 0.53749999999999987 0.54999999999999982 0.050890440605863459 0.052599378907334425 15159.450765027532 20012.135500358181 16681.065361047968 18434.66521795711 0.00050000000000000001 2025-12-02 15:07:45.926
948 0.54999999999999982 0.56249999999999978 0.050890440605863459 0.052599378907334425 14546.172926893651 16114.412106567237 16032.51148330397 19229.537657751163 0.00050000000000000001 2025-12-02 15:13:46.893
949 0.56249999999999978 0.57499999999999973 0.050890440605863459 0.052599378907334425 13970.643342562767 15461.064486556386 15424.116136693696 18495.127637962061 0.00050000000000000001 2025-12-02 15:20:10.679
969 0.81249999999999889 0.82499999999999885 0.050890440605863459 0.052599378907334425 7235.2867859128492 9952.6783845717964 8226.1887516305924 7903.2511503917467 0.0016979707217001096 2025-12-02 15:36:52.702
972 0.84999999999999876 0.86249999999999871 0.050890440605863459 0.052599378907334425 6693.4861755073252 9237.5315911169891 7627.9656752444371 7294.9768448332443 0.0016014737408873783 2025-12-02 15:37:05.808
983 0.98749999999999827 0.99999999999999822 0.050890440605863459 0.052599378907334425 5330.3396507960624 7359.3017325919436 6095.3570885117188 5753.8173875716602 0.0031563657737232573 2025-12-02 15:37:25.523
985 0.5 0.51249999999999996 0.050890440605863459 0.053132498882851896 16944.728778252509 19211.761402435957 18570.318004183082 20974.416242827876 0.00050000000000000001 2025-12-02 15:42:51.173
986 0.51249999999999996 0.52499999999999991 0.050890440605863459 0.053132498882851896 16209.817977245424 18355.464282500212 17791.514105600818 20067.790962000221 0.00050000000000000001 2025-12-02 15:48:14.351
987 0.52499999999999991 0.53749999999999987 0.050890440605863459 0.053132498882851896 15523.455282648842 17557.170076006751 17064.620300561874 19223.062834531906 0.00050000000000000001 2025-12-02 15:53:53.363
988 0.53749999999999987 0.54999999999999982 0.050890440605863459 0.053132498882851896 14881.23586177447 20012.135500358181 16384.858983039019 18434.66521795711 0.00050000000000000001 2025-12-02 15:59:51.629
989 0.54999999999999982 0.56249999999999978 0.050890440605863459 0.053132498882851896 14279.615532536483 16114.412106567237 15748.423394103313 19229.537657751163 0.00050000000000000001 2025-12-02 16:06:18.637
990 0.56249999999999978 0.57499999999999973 0.050890440605863459 0.053132498882851896 13714.999698427424 15461.064486556386 15151.367096533111 18495.127637962061 0.00050000000000000001 2025-12-02 16:12:41.022
991 0.57499999999999973 0.58749999999999969 0.050890440605863459 0.053132498882851896 13184.442170483899 14848.048200070933 14590.47107706008 16360.187957129978 0.00050000000000000001 2025-12-02 16:19:24.874
992 0.58749999999999969 0.59999999999999964 0.050890440605863459 0.053132498882851896 12685.266222641838 14272.07473593841 14062.77600471161 17156.402431535425 0.00050000000000000001 2025-12-02 16:26:15.948
993 0.59999999999999964 0.6124999999999996 0.050890440605863459 0.053132498882851896 12214.994145528854 13730.170417717261 13565.561571360906 16545.614411467879 0.00050000000000000001 2025-12-02 16:33:24.873
994 0.6124999999999996 0.62499999999999956 0.050890440605863459 0.053132498882851896 11771.416021224961 13219.760543766162 13096.359848369295 14641.162428220952 0.00050000000000000001 2025-12-02 16:40:55.724
995 0.62499999999999956 0.63749999999999951 0.050890440605863459 0.053132498882851896 11352.458490772138 15427.369239386204 12652.852528831369 14132.578943870913 0.00050000000000000001 2025-12-02 16:48:39.478
996 0.63749999999999951 0.64999999999999947 0.050890440605863459 0.053132498882851896 10956.442660011131 14914.966099582551 12233.190269317511 13652.000765041181 0.00050000000000000001 2025-12-02 16:56:41.492
997 0.64999999999999947 0.66249999999999942 0.050890440605863459 0.053132498882851896 10581.714818875009 14430.815128455826 11835.529587888837 13197.257657103672 0.00050000000000000001 2025-12-02 17:05:18.403
1007 0.77499999999999902 0.78749999999999898 0.050890440605863459 0.053132498882851896 7734.0181610194541 10759.579838358673 8776.5453538735819 9719.9601036486183 0.00050000000000000001 2025-12-02 17:40:17.802
1023 0.97499999999999831 0.98749999999999827 0.050890440605863459 0.053132498882851896 5321.1833620508896 7468.5634169821151 6091.9277317634651 6666.4466441367695 0.0022159958804811473 2025-12-02 17:46:49.224
1024 0.98749999999999827 0.99999999999999822 0.050890440605863459 0.053132498882851896 5250.2813003345118 7354.9482837130017 6010.8864794402261 5751.3419339467819 0.002254951926528549 2025-12-02 17:46:54.352
1026 0.5 0.51249999999999996 0.050890440605863459 0.053689934720814222 16621.946920640188 19211.761402435957 18227.574994912411 20974.416242827876 0.00050000000000000001 2025-12-02 17:52:07.268
1027 0.51249999999999996 0.52499999999999991 0.050890440605863459 0.053689934720814222 15901.482711527377 18355.464282500212 17463.799347109547 20067.790962000221 0.00050000000000000001 2025-12-02 17:57:32.139
1028 0.52499999999999991 0.53749999999999987 0.050890440605863459 0.053689934720814222 15228.587896689834 17557.170076006751 16750.911796815562 19223.062834531906 0.00050000000000000001 2025-12-02 18:03:15.539
1029 0.53749999999999987 0.54999999999999982 0.050890440605863459 0.053689934720814222 14598.947482991131 20012.135500358181 16084.223841134672 18434.66521795711 0.00050000000000000001 2025-12-02 18:09:09.695
1030 0.54999999999999982 0.56249999999999978 0.050890440605863459 0.053689934720814222 14009.144068585145 16114.412106567237 15460.057954421842 19229.537657751163 0.00050000000000000001 2025-12-02 18:15:09.577
1031 0.56249999999999978 0.57499999999999973 0.050890440605863459 0.053689934720814222 13455.519973476446 15461.064486556386 14874.409118779009 18495.127637962061 0.00050000000000000001 2025-12-02 18:21:29.963
1032 0.57499999999999973 0.58749999999999969 0.050890440605863459 0.053689934720814222 12935.307155390496 14848.048200070933 14324.252037185785 16360.187957129978 0.00050000000000000001 2025-12-02 18:28:19.166
1033 0.58749999999999969 0.59999999999999964 0.050890440605863459 0.053689934720814222 12445.885064036207 14272.07473593841 13806.688745392827 17156.402431535425 0.00050000000000000001 2025-12-02 18:35:09.095
1034 0.59999999999999964 0.6124999999999996 0.050890440605863459 0.053689934720814222 11984.691379831389 13730.170417717261 13318.885265565697 16545.614411467879 0.00050000000000000001 2025-12-02 18:42:36.399
1035 0.6124999999999996 0.62499999999999956 0.050890440605863459 0.053689934720814222 11549.739453781769 13219.760543766162 12858.641163766513 14641.162428220952 0.00050000000000000001 2025-12-02 18:50:12.769
1036 0.62499999999999956 0.63749999999999951 0.050890440605863459 0.053689934720814222 11138.941936383522 15427.369239386204 12423.61845002783 14132.578943870913 0.00050000000000000001 2025-12-02 18:58:09.275
1037 0.63749999999999951 0.64999999999999947 0.050890440605863459 0.053689934720814222 10750.669545616278 14914.966099582551 12012.008469609116 13652.000765041181 0.00050000000000000001 2025-12-02 19:06:15.651
1038 0.64999999999999947 0.66249999999999942 0.050890440605863459 0.053689934720814222 10383.222337924111 14430.815128455826 11621.938628876167 13197.257657103672 0.00050000000000000001 2025-12-02 19:14:30.301
1039 0.66249999999999942 0.67499999999999938 0.050890440605863459 0.053689934720814222 10035.094922675882 11447.285275192497 11251.726400804469 12766.382962808764 0.00050000000000000001 2025-12-02 19:23:13.393
1040 0.67499999999999938 0.68749999999999933 0.050890440605863459 0.053689934720814222 9705.1444608428719 13539.459172594643 10900.144872205305 11062.208936250658 0.00050000000000000001 2025-12-02 19:32:16.361
1041 0.68749999999999933 0.69999999999999929 0.050890440605863459 0.053689934720814222 9391.9822552126807 13128.552188630832 10565.6768445409 11969.373777335308 0.00050000000000000001 2025-12-02 19:41:35.535
1042 0.69999999999999929 0.71249999999999925 0.050890440605863459 0.053689934720814222 9094.5953815680823 10350.659876010972 10247.245390141306 12738.613905271852 0.00050000000000000001 2025-12-02 19:51:44.177
1043 0.71249999999999925 0.7249999999999992 0.050890440605863459 0.053689934720814222 8812.0312446292737 10021.68839891292 9943.855908239273 11248.616233697512 0.00050000000000000001 2025-12-02 20:01:54.363
1044 0.7249999999999992 0.73749999999999916 0.050890440605863459 0.053689934720814222 8543.2895816264336 9709.0583666231942 9654.4661353305728 12015.527892581837 0.00050000000000000001 2025-12-02 20:12:38.936
1045 0.73749999999999916 0.74999999999999911 0.050890440605863459 0.053689934720814222 8287.4638176777316 11679.629233484649 9378.1304443265362 10594.287157207516 0.00050000000000000001 2025-12-02 20:24:02.623
1046 0.74999999999999911 0.76249999999999907 0.050890440605863459 0.053689934720814222 8043.9004582837069 9128.863931948581 9114.2260073681282 10289.405314909642 0.00050000000000000001 2025-12-02 20:35:18.673
1048 0.77499999999999902 0.78749999999999898 0.050890440605863459 0.053689934720814222 7590.6957314463461 10759.579838358673 8620.8606665474363 9719.9601036486183 0.00050000000000000001 2025-12-02 20:59:31.669
1061 0.93749999999999845 0.9499999999999984 0.050890440605863459 0.053689934720814222 5513.8182931373904 7891.2544376499818 6316.4332851419949 7049.5824672009567 0.00050000000000000001 2025-12-02 21:20:40.461
1067 0.5 0.51249999999999996 0.050890440605863459 0.05421079929662774 16329.060962717233 19211.761402435957 17916.471650609943 20974.416242827876 0.00050000000000000001 2025-12-02 21:46:21.068
1068 0.51249999999999996 0.52499999999999991 0.050890440605863459 0.05421079929662774 15621.765245123392 18355.464282500212 17166.421990445244 20067.790962000221 0.00050000000000000001 2025-12-02 21:52:20.303
1069 0.52499999999999991 0.53749999999999987 0.050890440605863459 0.05421079929662774 14960.956842207188 17557.170076006751 16466.072103105111 19223.062834531906 0.00050000000000000001 2025-12-02 21:58:33.190
1070 0.53749999999999987 0.54999999999999982 0.050890440605863459 0.05421079929662774 14342.716405207415 20012.135500358181 15811.225539729117 18434.66521795711 0.00050000000000000001 2025-12-02 22:05:20.521
1071 0.54999999999999982 0.56249999999999978 0.050890440605863459 0.05421079929662774 13763.484969868028 16114.412106567237 15198.03285349999 19229.537657751163 0.00050000000000000001 2025-12-02 22:12:09.378
1072 0.56249999999999978 0.57499999999999973 0.050890440605863459 0.05421079929662774 13219.924228560265 15461.064486556386 14622.841002419575 18495.127637962061 0.00050000000000000001 2025-12-02 22:19:18.008
   7 0.96249999999999836 0.97499999999999831 0.026428164006712863 0.026766825832826531 18490.594932942018 22795.781559867384 20207.322116685187 21118.632065950886 0.000000 0.000860 2025-12-02 22:47:31.404
   8 0.97499999999999831 0.98749999999999827 0.026428164006712863 0.026766825832826531 18163.999266377163 22347.14756968544 19852.713491890201 20699.582902544469 0.000000 0.000854 2025-12-02 22:47:52.054
  12 0.96249999999999836 0.97499999999999831 0.026766825832826531 0.027114277686742648 18058.742042456131 22296.783389606524 19749.626062614112 20644.004697506003 0.000000 0.000855 2025-12-02 22:48:17.506
  18 0.96249999999999836 0.97499999999999831 0.027114277686742648 0.027470866200886415 17632.059235910336 21803.222450752259 19297.239026472373 20174.674485275398 0.000000 0.000850 2025-12-02 22:49:09.534
  20 0.98749999999999827 0.99999999999999822 0.027114277686742648 0.027470866200886415 17076.742270517978 21003.754173363268 18692.566134337059 19429.561165540632 0.000000 0.000815 2025-12-02 22:49:37.836
  41 0.9499999999999984 0.96249999999999836 0.028212933304202919 0.028599202561960382 16710.309018584139 20786.935934605724 18327.573774877554 17522.688399178671 0.000000 0.000833 2025-12-02 22:50:55.711
  55 0.99999999999999822 1.0001 0.028599202561960382 0.028996192624871787 15464.100633976579 18891.944170751751 16978.875329246497 15884.980792942202 0.000000 0.001056 2025-12-02 22:52:43.720
  78 0.99999999999999822 1.0001 0.029404355973309829 0.029824170906394686 14693.147453653728 18014.391545327973 16159.21464288479 16597.583528164498 0.000000 0.001064 2025-12-02 22:53:44.767
 133 0.96249999999999836 0.97499999999999831 0.031158735874114763 0.031630525453824485 13629.105845669021 17160.892546864859 15039.938935388232 15769.914833268269 0.000000 0.001070 2025-12-02 22:59:12.617
 134 0.97499999999999831 0.98749999999999827 0.031158735874114763 0.031630525453824485 13397.502864197935 16834.768790967508 14786.154337088838 15467.540557624139 0.000000 0.001065 2025-12-02 22:59:25.688
 153 0.99999999999999822 1.0001 0.031630525453824485 0.03211681689171951 12842.560819957624 15908.735044732663 14186.798446115901 14603.001784167822 0.000000 0.001250 2025-12-02 23:01:43.658
 171 0.99999999999999822 1.0001 0.03211681689171951 0.032618289020200017 12489.068825048516 15502.243923878908 13809.692290665918 14218.600767863161 0.000000 0.001257 2025-12-02 23:02:57.279
 186 0.9499999999999984 0.96249999999999836 0.032618289020200017 0.033135663695671363 12772.644320153886 16199.643709076505 14133.197186189136 13438.714309385323 0.000000 0.001054 2025-12-02 23:05:22.571
